gcc_results/gcc_2lev_PAG-16-16-0_PAP-16-4-0_1024.out, 16 , 65536 , 16 , 0 , 16 , 1048576 , 4 , 0 , 1024 , 1.1185, 0.9305, 0.9498
gcc_results/gcc_2lev_PAG-16-16-0_PAP-16-4-0_128.out, 16 , 65536 , 16 , 0 , 16 , 1048576 , 4 , 0 , 128 , 1.1187, 0.9307, 0.9499
gcc_results/gcc_2lev_PAG-16-16-0_PAP-16-4-0_256.out, 16 , 65536 , 16 , 0 , 16 , 1048576 , 4 , 0 , 256 , 1.1187, 0.9308, 0.9500
gcc_results/gcc_2lev_PAG-16-16-0_PAP-16-4-0_4096.out, 16 , 65536 , 16 , 0 , 16 , 1048576 , 4 , 0 , 4096 , 1.1183, 0.9304, 0.9496
gcc_results/gcc_2lev_PAG-16-16-0_PAP-16-4-0_512.out, 16 , 65536 , 16 , 0 , 16 , 1048576 , 4 , 0 , 512 , 1.1188, 0.9308, 0.9500
gcc_results/gcc_2lev_PAG-16-16-0_PAP-16-8-0_1024.out, 16 , 65536 , 16 , 0 , 16 , 16777216 , 8 , 0 , 1024 , 1.1024, 0.9183, 0.9378
gcc_results/gcc_2lev_PAG-16-16-0_PAP-16-8-0_128.out, 16 , 65536 , 16 , 0 , 16 , 16777216 , 8 , 0 , 128 , 1.1027, 0.9187, 0.9381
gcc_results/gcc_2lev_PAG-16-16-0_PAP-16-8-0_256.out, 16 , 65536 , 16 , 0 , 16 , 16777216 , 8 , 0 , 256 , 1.1024, 0.9184, 0.9378
gcc_results/gcc_2lev_PAG-16-16-0_PAP-16-8-0_4096.out, 16 , 65536 , 16 , 0 , 16 , 16777216 , 8 , 0 , 4096 , 1.1022, 0.9182, 0.9377
gcc_results/gcc_2lev_PAG-16-16-0_PAP-16-8-0_512.out, 16 , 65536 , 16 , 0 , 16 , 16777216 , 8 , 0 , 512 , 1.1026, 0.9185, 0.9379
gcc_results/gcc_2lev_PAG-16-16-0_PAP-4-16-0_1024.out, 16 , 65536 , 16 , 0 , 4 , 1048576 , 16 , 0 , 1024 , 1.0930, 0.9120, 0.9310
gcc_results/gcc_2lev_PAG-16-16-0_PAP-4-16-0_128.out, 16 , 65536 , 16 , 0 , 4 , 1048576 , 16 , 0 , 128 , 1.0908, 0.9104, 0.9294
gcc_results/gcc_2lev_PAG-16-16-0_PAP-4-16-0_256.out, 16 , 65536 , 16 , 0 , 4 , 1048576 , 16 , 0 , 256 , 1.0916, 0.9109, 0.9300
gcc_results/gcc_2lev_PAG-16-16-0_PAP-4-16-0_4096.out, 16 , 65536 , 16 , 0 , 4 , 1048576 , 16 , 0 , 4096 , 1.0936, 0.9125, 0.9314
gcc_results/gcc_2lev_PAG-16-16-0_PAP-4-16-0_512.out, 16 , 65536 , 16 , 0 , 4 , 1048576 , 16 , 0 , 512 , 1.0926, 0.9117, 0.9306
gcc_results/gcc_2lev_PAG-16-16-0_PAP-4-4-0_1024.out, 16 , 65536 , 16 , 0 , 4 , 256 , 4 , 0 , 1024 , 1.0872, 0.9057, 0.9255
gcc_results/gcc_2lev_PAG-16-16-0_PAP-4-4-0_128.out, 16 , 65536 , 16 , 0 , 4 , 256 , 4 , 0 , 128 , 1.0829, 0.9029, 0.9230
gcc_results/gcc_2lev_PAG-16-16-0_PAP-4-4-0_256.out, 16 , 65536 , 16 , 0 , 4 , 256 , 4 , 0 , 256 , 1.0855, 0.9044, 0.9244
gcc_results/gcc_2lev_PAG-16-16-0_PAP-4-4-0_4096.out, 16 , 65536 , 16 , 0 , 4 , 256 , 4 , 0 , 4096 , 1.0874, 0.9060, 0.9259
gcc_results/gcc_2lev_PAG-16-16-0_PAP-4-4-0_512.out, 16 , 65536 , 16 , 0 , 4 , 256 , 4 , 0 , 512 , 1.0867, 0.9054, 0.9252
gcc_results/gcc_2lev_PAG-16-16-0_PAP-4-8-0_1024.out, 16 , 65536 , 16 , 0 , 4 , 4096 , 8 , 0 , 1024 , 1.0911, 0.9092, 0.9289
gcc_results/gcc_2lev_PAG-16-16-0_PAP-4-8-0_128.out, 16 , 65536 , 16 , 0 , 4 , 4096 , 8 , 0 , 128 , 1.0885, 0.9071, 0.9269
gcc_results/gcc_2lev_PAG-16-16-0_PAP-4-8-0_256.out, 16 , 65536 , 16 , 0 , 4 , 4096 , 8 , 0 , 256 , 1.0896, 0.9079, 0.9275
gcc_results/gcc_2lev_PAG-16-16-0_PAP-4-8-0_4096.out, 16 , 65536 , 16 , 0 , 4 , 4096 , 8 , 0 , 4096 , 1.0911, 0.9097, 0.9295
gcc_results/gcc_2lev_PAG-16-16-0_PAP-4-8-0_512.out, 16 , 65536 , 16 , 0 , 4 , 4096 , 8 , 0 , 512 , 1.0904, 0.9086, 0.9283
gcc_results/gcc_2lev_PAG-16-16-0_PAP-8-16-0_1024.out, 16 , 65536 , 16 , 0 , 8 , 16777216 , 16 , 0 , 1024 , 1.0864, 0.9066, 0.9262
gcc_results/gcc_2lev_PAG-16-16-0_PAP-8-16-0_128.out, 16 , 65536 , 16 , 0 , 8 , 16777216 , 16 , 0 , 128 , 1.0849, 0.9057, 0.9254
gcc_results/gcc_2lev_PAG-16-16-0_PAP-8-16-0_256.out, 16 , 65536 , 16 , 0 , 8 , 16777216 , 16 , 0 , 256 , 1.0856, 0.9059, 0.9257
gcc_results/gcc_2lev_PAG-16-16-0_PAP-8-16-0_4096.out, 16 , 65536 , 16 , 0 , 8 , 16777216 , 16 , 0 , 4096 , 1.0864, 0.9069, 0.9266
gcc_results/gcc_2lev_PAG-16-16-0_PAP-8-16-0_512.out, 16 , 65536 , 16 , 0 , 8 , 16777216 , 16 , 0 , 512 , 1.0861, 0.9064, 0.9259
gcc_results/gcc_2lev_PAG-16-16-0_PAP-8-4-0_1024.out, 16 , 65536 , 16 , 0 , 8 , 4096 , 4 , 0 , 1024 , 1.1131, 0.9258, 0.9452
gcc_results/gcc_2lev_PAG-16-16-0_PAP-8-4-0_128.out, 16 , 65536 , 16 , 0 , 8 , 4096 , 4 , 0 , 128 , 1.1101, 0.9238, 0.9434
gcc_results/gcc_2lev_PAG-16-16-0_PAP-8-4-0_256.out, 16 , 65536 , 16 , 0 , 8 , 4096 , 4 , 0 , 256 , 1.1113, 0.9246, 0.9442
gcc_results/gcc_2lev_PAG-16-16-0_PAP-8-4-0_4096.out, 16 , 65536 , 16 , 0 , 8 , 4096 , 4 , 0 , 4096 , 1.1131, 0.9260, 0.9455
gcc_results/gcc_2lev_PAG-16-16-0_PAP-8-4-0_512.out, 16 , 65536 , 16 , 0 , 8 , 4096 , 4 , 0 , 512 , 1.1123, 0.9253, 0.9449
gcc_results/gcc_2lev_PAG-16-16-0_PAP-8-8-0_1024.out, 16 , 65536 , 16 , 0 , 8 , 65536 , 8 , 0 , 1024 , 1.1032, 0.9190, 0.9384
gcc_results/gcc_2lev_PAG-16-16-0_PAP-8-8-0_128.out, 16 , 65536 , 16 , 0 , 8 , 65536 , 8 , 0 , 128 , 1.1025, 0.9185, 0.9379
gcc_results/gcc_2lev_PAG-16-16-0_PAP-8-8-0_256.out, 16 , 65536 , 16 , 0 , 8 , 65536 , 8 , 0 , 256 , 1.1023, 0.9183, 0.9377
gcc_results/gcc_2lev_PAG-16-16-0_PAP-8-8-0_4096.out, 16 , 65536 , 16 , 0 , 8 , 65536 , 8 , 0 , 4096 , 1.1032, 0.9192, 0.9386
gcc_results/gcc_2lev_PAG-16-16-0_PAP-8-8-0_512.out, 16 , 65536 , 16 , 0 , 8 , 65536 , 8 , 0 , 512 , 1.1028, 0.9187, 0.9380
gcc_results/gcc_2lev_PAG-16-4-0_PAP-16-4-0_1024.out, 16 , 16 , 4 , 0 , 16 , 1048576 , 4 , 0 , 1024 , 1.0997, 0.9189, 0.9410
gcc_results/gcc_2lev_PAG-16-4-0_PAP-16-4-0_128.out, 16 , 16 , 4 , 0 , 16 , 1048576 , 4 , 0 , 128 , 1.1002, 0.9193, 0.9414
gcc_results/gcc_2lev_PAG-16-4-0_PAP-16-4-0_256.out, 16 , 16 , 4 , 0 , 16 , 1048576 , 4 , 0 , 256 , 1.1003, 0.9191, 0.9412
gcc_results/gcc_2lev_PAG-16-4-0_PAP-16-4-0_4096.out, 16 , 16 , 4 , 0 , 16 , 1048576 , 4 , 0 , 4096 , 1.0994, 0.9187, 0.9409
gcc_results/gcc_2lev_PAG-16-4-0_PAP-16-4-0_512.out, 16 , 16 , 4 , 0 , 16 , 1048576 , 4 , 0 , 512 , 1.1002, 0.9191, 0.9412
gcc_results/gcc_2lev_PAG-16-4-0_PAP-16-8-0_1024.out, 16 , 16 , 4 , 0 , 16 , 16777216 , 8 , 0 , 1024 , 1.0967, 0.9149, 0.9355
gcc_results/gcc_2lev_PAG-16-4-0_PAP-16-8-0_128.out, 16 , 16 , 4 , 0 , 16 , 16777216 , 8 , 0 , 128 , 1.0967, 0.9149, 0.9354
gcc_results/gcc_2lev_PAG-16-4-0_PAP-16-8-0_256.out, 16 , 16 , 4 , 0 , 16 , 16777216 , 8 , 0 , 256 , 1.0963, 0.9148, 0.9354
gcc_results/gcc_2lev_PAG-16-4-0_PAP-16-8-0_4096.out, 16 , 16 , 4 , 0 , 16 , 16777216 , 8 , 0 , 4096 , 1.0967, 0.9151, 0.9356
gcc_results/gcc_2lev_PAG-16-4-0_PAP-16-8-0_512.out, 16 , 16 , 4 , 0 , 16 , 16777216 , 8 , 0 , 512 , 1.0971, 0.9151, 0.9357
gcc_results/gcc_2lev_PAG-16-4-0_PAP-4-16-0_1024.out, 16 , 16 , 4 , 0 , 4 , 1048576 , 16 , 0 , 1024 , 1.0870, 0.9042, 0.9245
gcc_results/gcc_2lev_PAG-16-4-0_PAP-4-16-0_128.out, 16 , 16 , 4 , 0 , 4 , 1048576 , 16 , 0 , 128 , 1.0848, 0.9029, 0.9230
gcc_results/gcc_2lev_PAG-16-4-0_PAP-4-16-0_256.out, 16 , 16 , 4 , 0 , 4 , 1048576 , 16 , 0 , 256 , 1.0857, 0.9035, 0.9237
gcc_results/gcc_2lev_PAG-16-4-0_PAP-4-16-0_4096.out, 16 , 16 , 4 , 0 , 4 , 1048576 , 16 , 0 , 4096 , 1.0872, 0.9047, 0.9249
gcc_results/gcc_2lev_PAG-16-4-0_PAP-4-16-0_512.out, 16 , 16 , 4 , 0 , 4 , 1048576 , 16 , 0 , 512 , 1.0862, 0.9041, 0.9243
gcc_results/gcc_2lev_PAG-16-4-0_PAP-4-4-0_1024.out, 16 , 16 , 4 , 0 , 4 , 256 , 4 , 0 , 1024 , 1.0437, 0.8713, 0.8943
gcc_results/gcc_2lev_PAG-16-4-0_PAP-4-4-0_128.out, 16 , 16 , 4 , 0 , 4 , 256 , 4 , 0 , 128 , 1.0351, 0.8647, 0.8877
gcc_results/gcc_2lev_PAG-16-4-0_PAP-4-4-0_256.out, 16 , 16 , 4 , 0 , 4 , 256 , 4 , 0 , 256 , 1.0403, 0.8683, 0.8914
gcc_results/gcc_2lev_PAG-16-4-0_PAP-4-4-0_4096.out, 16 , 16 , 4 , 0 , 4 , 256 , 4 , 0 , 4096 , 1.0441, 0.8721, 0.8951
gcc_results/gcc_2lev_PAG-16-4-0_PAP-4-4-0_512.out, 16 , 16 , 4 , 0 , 4 , 256 , 4 , 0 , 512 , 1.0422, 0.8701, 0.8932
gcc_results/gcc_2lev_PAG-16-4-0_PAP-4-8-0_1024.out, 16 , 16 , 4 , 0 , 4 , 4096 , 8 , 0 , 1024 , 1.0743, 0.8948, 0.9167
gcc_results/gcc_2lev_PAG-16-4-0_PAP-4-8-0_128.out, 16 , 16 , 4 , 0 , 4 , 4096 , 8 , 0 , 128 , 1.0710, 0.8923, 0.9143
gcc_results/gcc_2lev_PAG-16-4-0_PAP-4-8-0_256.out, 16 , 16 , 4 , 0 , 4 , 4096 , 8 , 0 , 256 , 1.0729, 0.8938, 0.9157
gcc_results/gcc_2lev_PAG-16-4-0_PAP-4-8-0_4096.out, 16 , 16 , 4 , 0 , 4 , 4096 , 8 , 0 , 4096 , 1.0746, 0.8953, 0.9173
gcc_results/gcc_2lev_PAG-16-4-0_PAP-4-8-0_512.out, 16 , 16 , 4 , 0 , 4 , 4096 , 8 , 0 , 512 , 1.0732, 0.8943, 0.9161
gcc_results/gcc_2lev_PAG-16-4-0_PAP-8-16-0_1024.out, 16 , 16 , 4 , 0 , 8 , 16777216 , 16 , 0 , 1024 , 1.0868, 0.9065, 0.9261
gcc_results/gcc_2lev_PAG-16-4-0_PAP-8-16-0_128.out, 16 , 16 , 4 , 0 , 8 , 16777216 , 16 , 0 , 128 , 1.0840, 0.9048, 0.9243
gcc_results/gcc_2lev_PAG-16-4-0_PAP-8-16-0_256.out, 16 , 16 , 4 , 0 , 8 , 16777216 , 16 , 0 , 256 , 1.0858, 0.9057, 0.9254
gcc_results/gcc_2lev_PAG-16-4-0_PAP-8-16-0_4096.out, 16 , 16 , 4 , 0 , 8 , 16777216 , 16 , 0 , 4096 , 1.0874, 0.9071, 0.9267
gcc_results/gcc_2lev_PAG-16-4-0_PAP-8-16-0_512.out, 16 , 16 , 4 , 0 , 8 , 16777216 , 16 , 0 , 512 , 1.0865, 0.9063, 0.9259
gcc_results/gcc_2lev_PAG-16-4-0_PAP-8-4-0_1024.out, 16 , 16 , 4 , 0 , 8 , 4096 , 4 , 0 , 1024 , 1.0925, 0.9118, 0.9339
gcc_results/gcc_2lev_PAG-16-4-0_PAP-8-4-0_128.out, 16 , 16 , 4 , 0 , 8 , 4096 , 4 , 0 , 128 , 1.0909, 0.9109, 0.9330
gcc_results/gcc_2lev_PAG-16-4-0_PAP-8-4-0_256.out, 16 , 16 , 4 , 0 , 8 , 4096 , 4 , 0 , 256 , 1.0916, 0.9114, 0.9336
gcc_results/gcc_2lev_PAG-16-4-0_PAP-8-4-0_4096.out, 16 , 16 , 4 , 0 , 8 , 4096 , 4 , 0 , 4096 , 1.0929, 0.9125, 0.9346
gcc_results/gcc_2lev_PAG-16-4-0_PAP-8-4-0_512.out, 16 , 16 , 4 , 0 , 8 , 4096 , 4 , 0 , 512 , 1.0921, 0.9117, 0.9338
gcc_results/gcc_2lev_PAG-16-4-0_PAP-8-8-0_1024.out, 16 , 16 , 4 , 0 , 8 , 65536 , 8 , 0 , 1024 , 1.0944, 0.9128, 0.9337
gcc_results/gcc_2lev_PAG-16-4-0_PAP-8-8-0_128.out, 16 , 16 , 4 , 0 , 8 , 65536 , 8 , 0 , 128 , 1.0930, 0.9119, 0.9328
gcc_results/gcc_2lev_PAG-16-4-0_PAP-8-8-0_256.out, 16 , 16 , 4 , 0 , 8 , 65536 , 8 , 0 , 256 , 1.0938, 0.9123, 0.9333
gcc_results/gcc_2lev_PAG-16-4-0_PAP-8-8-0_4096.out, 16 , 16 , 4 , 0 , 8 , 65536 , 8 , 0 , 4096 , 1.0947, 0.9131, 0.9340
gcc_results/gcc_2lev_PAG-16-4-0_PAP-8-8-0_512.out, 16 , 16 , 4 , 0 , 8 , 65536 , 8 , 0 , 512 , 1.0940, 0.9125, 0.9335
gcc_results/gcc_2lev_PAG-16-8-0_PAP-16-4-0_1024.out, 16 , 256 , 8 , 0 , 16 , 1048576 , 4 , 0 , 1024 , 1.1008, 0.9199, 0.9415
gcc_results/gcc_2lev_PAG-16-8-0_PAP-16-4-0_128.out, 16 , 256 , 8 , 0 , 16 , 1048576 , 4 , 0 , 128 , 1.1016, 0.9206, 0.9421
gcc_results/gcc_2lev_PAG-16-8-0_PAP-16-4-0_256.out, 16 , 256 , 8 , 0 , 16 , 1048576 , 4 , 0 , 256 , 1.1016, 0.9206, 0.9420
gcc_results/gcc_2lev_PAG-16-8-0_PAP-16-4-0_4096.out, 16 , 256 , 8 , 0 , 16 , 1048576 , 4 , 0 , 4096 , 1.1009, 0.9198, 0.9415
gcc_results/gcc_2lev_PAG-16-8-0_PAP-16-4-0_512.out, 16 , 256 , 8 , 0 , 16 , 1048576 , 4 , 0 , 512 , 1.1013, 0.9202, 0.9418
gcc_results/gcc_2lev_PAG-16-8-0_PAP-16-8-0_1024.out, 16 , 256 , 8 , 0 , 16 , 16777216 , 8 , 0 , 1024 , 1.0972, 0.9153, 0.9359
gcc_results/gcc_2lev_PAG-16-8-0_PAP-16-8-0_128.out, 16 , 256 , 8 , 0 , 16 , 16777216 , 8 , 0 , 128 , 1.0975, 0.9155, 0.9360
gcc_results/gcc_2lev_PAG-16-8-0_PAP-16-8-0_256.out, 16 , 256 , 8 , 0 , 16 , 16777216 , 8 , 0 , 256 , 1.0974, 0.9157, 0.9363
gcc_results/gcc_2lev_PAG-16-8-0_PAP-16-8-0_4096.out, 16 , 256 , 8 , 0 , 16 , 16777216 , 8 , 0 , 4096 , 1.0973, 0.9155, 0.9362
gcc_results/gcc_2lev_PAG-16-8-0_PAP-16-8-0_512.out, 16 , 256 , 8 , 0 , 16 , 16777216 , 8 , 0 , 512 , 1.0973, 0.9155, 0.9362
gcc_results/gcc_2lev_PAG-16-8-0_PAP-4-16-0_1024.out, 16 , 256 , 8 , 0 , 4 , 1048576 , 16 , 0 , 1024 , 1.0915, 0.9105, 0.9308
gcc_results/gcc_2lev_PAG-16-8-0_PAP-4-16-0_128.out, 16 , 256 , 8 , 0 , 4 , 1048576 , 16 , 0 , 128 , 1.0902, 0.9092, 0.9293
gcc_results/gcc_2lev_PAG-16-8-0_PAP-4-16-0_256.out, 16 , 256 , 8 , 0 , 4 , 1048576 , 16 , 0 , 256 , 1.0910, 0.9098, 0.9299
gcc_results/gcc_2lev_PAG-16-8-0_PAP-4-16-0_4096.out, 16 , 256 , 8 , 0 , 4 , 1048576 , 16 , 0 , 4096 , 1.0923, 0.9110, 0.9311
gcc_results/gcc_2lev_PAG-16-8-0_PAP-4-16-0_512.out, 16 , 256 , 8 , 0 , 4 , 1048576 , 16 , 0 , 512 , 1.0915, 0.9104, 0.9306
gcc_results/gcc_2lev_PAG-16-8-0_PAP-4-4-0_1024.out, 16 , 256 , 8 , 0 , 4 , 256 , 4 , 0 , 1024 , 1.0522, 0.8804, 0.9029
gcc_results/gcc_2lev_PAG-16-8-0_PAP-4-4-0_128.out, 16 , 256 , 8 , 0 , 4 , 256 , 4 , 0 , 128 , 1.0479, 0.8757, 0.8983
gcc_results/gcc_2lev_PAG-16-8-0_PAP-4-4-0_256.out, 16 , 256 , 8 , 0 , 4 , 256 , 4 , 0 , 256 , 1.0503, 0.8776, 0.9002
gcc_results/gcc_2lev_PAG-16-8-0_PAP-4-4-0_4096.out, 16 , 256 , 8 , 0 , 4 , 256 , 4 , 0 , 4096 , 1.0534, 0.8812, 0.9037
gcc_results/gcc_2lev_PAG-16-8-0_PAP-4-4-0_512.out, 16 , 256 , 8 , 0 , 4 , 256 , 4 , 0 , 512 , 1.0517, 0.8792, 0.9018
gcc_results/gcc_2lev_PAG-16-8-0_PAP-4-8-0_1024.out, 16 , 256 , 8 , 0 , 4 , 4096 , 8 , 0 , 1024 , 1.0748, 0.8975, 0.9192
gcc_results/gcc_2lev_PAG-16-8-0_PAP-4-8-0_128.out, 16 , 256 , 8 , 0 , 4 , 4096 , 8 , 0 , 128 , 1.0733, 0.8960, 0.9175
gcc_results/gcc_2lev_PAG-16-8-0_PAP-4-8-0_256.out, 16 , 256 , 8 , 0 , 4 , 4096 , 8 , 0 , 256 , 1.0740, 0.8966, 0.9182
gcc_results/gcc_2lev_PAG-16-8-0_PAP-4-8-0_4096.out, 16 , 256 , 8 , 0 , 4 , 4096 , 8 , 0 , 4096 , 1.0748, 0.8977, 0.9194
gcc_results/gcc_2lev_PAG-16-8-0_PAP-4-8-0_512.out, 16 , 256 , 8 , 0 , 4 , 4096 , 8 , 0 , 512 , 1.0744, 0.8970, 0.9187
gcc_results/gcc_2lev_PAG-16-8-0_PAP-8-16-0_1024.out, 16 , 256 , 8 , 0 , 8 , 16777216 , 16 , 0 , 1024 , 1.0904, 0.9093, 0.9290
gcc_results/gcc_2lev_PAG-16-8-0_PAP-8-16-0_128.out, 16 , 256 , 8 , 0 , 8 , 16777216 , 16 , 0 , 128 , 1.0893, 0.9079, 0.9276
gcc_results/gcc_2lev_PAG-16-8-0_PAP-8-16-0_256.out, 16 , 256 , 8 , 0 , 8 , 16777216 , 16 , 0 , 256 , 1.0899, 0.9087, 0.9284
gcc_results/gcc_2lev_PAG-16-8-0_PAP-8-16-0_4096.out, 16 , 256 , 8 , 0 , 8 , 16777216 , 16 , 0 , 4096 , 1.0913, 0.9098, 0.9295
gcc_results/gcc_2lev_PAG-16-8-0_PAP-8-16-0_512.out, 16 , 256 , 8 , 0 , 8 , 16777216 , 16 , 0 , 512 , 1.0896, 0.9087, 0.9284
gcc_results/gcc_2lev_PAG-16-8-0_PAP-8-4-0_1024.out, 16 , 256 , 8 , 0 , 8 , 4096 , 4 , 0 , 1024 , 1.0941, 0.9135, 0.9355
gcc_results/gcc_2lev_PAG-16-8-0_PAP-8-4-0_128.out, 16 , 256 , 8 , 0 , 8 , 4096 , 4 , 0 , 128 , 1.0918, 0.9124, 0.9343
gcc_results/gcc_2lev_PAG-16-8-0_PAP-8-4-0_256.out, 16 , 256 , 8 , 0 , 8 , 4096 , 4 , 0 , 256 , 1.0919, 0.9119, 0.9339
gcc_results/gcc_2lev_PAG-16-8-0_PAP-8-4-0_4096.out, 16 , 256 , 8 , 0 , 8 , 4096 , 4 , 0 , 4096 , 1.0947, 0.9140, 0.9359
gcc_results/gcc_2lev_PAG-16-8-0_PAP-8-4-0_512.out, 16 , 256 , 8 , 0 , 8 , 4096 , 4 , 0 , 512 , 1.0934, 0.9130, 0.9349
gcc_results/gcc_2lev_PAG-16-8-0_PAP-8-8-0_1024.out, 16 , 256 , 8 , 0 , 8 , 65536 , 8 , 0 , 1024 , 1.0954, 0.9137, 0.9347
gcc_results/gcc_2lev_PAG-16-8-0_PAP-8-8-0_128.out, 16 , 256 , 8 , 0 , 8 , 65536 , 8 , 0 , 128 , 1.0949, 0.9132, 0.9342
gcc_results/gcc_2lev_PAG-16-8-0_PAP-8-8-0_256.out, 16 , 256 , 8 , 0 , 8 , 65536 , 8 , 0 , 256 , 1.0949, 0.9135, 0.9345
gcc_results/gcc_2lev_PAG-16-8-0_PAP-8-8-0_4096.out, 16 , 256 , 8 , 0 , 8 , 65536 , 8 , 0 , 4096 , 1.0957, 0.9139, 0.9349
gcc_results/gcc_2lev_PAG-16-8-0_PAP-8-8-0_512.out, 16 , 256 , 8 , 0 , 8 , 65536 , 8 , 0 , 512 , 1.0950, 0.9136, 0.9346
gcc_results/gcc_2lev_PAG-32-16-0_PAP-16-4-0_1024.out, 32 , 65536 , 16 , 0 , 16 , 1048576 , 4 , 0 , 1024 , 1.1204, 0.9321, 0.9508
gcc_results/gcc_2lev_PAG-32-16-0_PAP-16-4-0_128.out, 32 , 65536 , 16 , 0 , 16 , 1048576 , 4 , 0 , 128 , 1.1209, 0.9322, 0.9509
gcc_results/gcc_2lev_PAG-32-16-0_PAP-16-4-0_256.out, 32 , 65536 , 16 , 0 , 16 , 1048576 , 4 , 0 , 256 , 1.1208, 0.9324, 0.9511
gcc_results/gcc_2lev_PAG-32-16-0_PAP-16-4-0_4096.out, 32 , 65536 , 16 , 0 , 16 , 1048576 , 4 , 0 , 4096 , 1.1205, 0.9321, 0.9509
gcc_results/gcc_2lev_PAG-32-16-0_PAP-16-4-0_512.out, 32 , 65536 , 16 , 0 , 16 , 1048576 , 4 , 0 , 512 , 1.1208, 0.9321, 0.9508
gcc_results/gcc_2lev_PAG-32-16-0_PAP-16-8-0_1024.out, 32 , 65536 , 16 , 0 , 16 , 16777216 , 8 , 0 , 1024 , 1.1072, 0.9221, 0.9412
gcc_results/gcc_2lev_PAG-32-16-0_PAP-16-8-0_128.out, 32 , 65536 , 16 , 0 , 16 , 16777216 , 8 , 0 , 128 , 1.1073, 0.9219, 0.9410
gcc_results/gcc_2lev_PAG-32-16-0_PAP-16-8-0_256.out, 32 , 65536 , 16 , 0 , 16 , 16777216 , 8 , 0 , 256 , 1.1070, 0.9219, 0.9411
gcc_results/gcc_2lev_PAG-32-16-0_PAP-16-8-0_4096.out, 32 , 65536 , 16 , 0 , 16 , 16777216 , 8 , 0 , 4096 , 1.1074, 0.9222, 0.9414
gcc_results/gcc_2lev_PAG-32-16-0_PAP-16-8-0_512.out, 32 , 65536 , 16 , 0 , 16 , 16777216 , 8 , 0 , 512 , 1.1073, 0.9219, 0.9410
gcc_results/gcc_2lev_PAG-32-16-0_PAP-4-16-0_1024.out, 32 , 65536 , 16 , 0 , 4 , 1048576 , 16 , 0 , 1024 , 1.1013, 0.9177, 0.9363
gcc_results/gcc_2lev_PAG-32-16-0_PAP-4-16-0_128.out, 32 , 65536 , 16 , 0 , 4 , 1048576 , 16 , 0 , 128 , 1.0990, 0.9159, 0.9343
gcc_results/gcc_2lev_PAG-32-16-0_PAP-4-16-0_256.out, 32 , 65536 , 16 , 0 , 4 , 1048576 , 16 , 0 , 256 , 1.0994, 0.9162, 0.9347
gcc_results/gcc_2lev_PAG-32-16-0_PAP-4-16-0_4096.out, 32 , 65536 , 16 , 0 , 4 , 1048576 , 16 , 0 , 4096 , 1.1015, 0.9181, 0.9368
gcc_results/gcc_2lev_PAG-32-16-0_PAP-4-16-0_512.out, 32 , 65536 , 16 , 0 , 4 , 1048576 , 16 , 0 , 512 , 1.1003, 0.9170, 0.9355
gcc_results/gcc_2lev_PAG-32-16-0_PAP-4-4-0_1024.out, 32 , 65536 , 16 , 0 , 4 , 256 , 4 , 0 , 1024 , 1.0903, 0.9083, 0.9277
gcc_results/gcc_2lev_PAG-32-16-0_PAP-4-4-0_128.out, 32 , 65536 , 16 , 0 , 4 , 256 , 4 , 0 , 128 , 1.0861, 0.9055, 0.9250
gcc_results/gcc_2lev_PAG-32-16-0_PAP-4-4-0_256.out, 32 , 65536 , 16 , 0 , 4 , 256 , 4 , 0 , 256 , 1.0878, 0.9067, 0.9261
gcc_results/gcc_2lev_PAG-32-16-0_PAP-4-4-0_4096.out, 32 , 65536 , 16 , 0 , 4 , 256 , 4 , 0 , 4096 , 1.0915, 0.9090, 0.9285
gcc_results/gcc_2lev_PAG-32-16-0_PAP-4-4-0_512.out, 32 , 65536 , 16 , 0 , 4 , 256 , 4 , 0 , 512 , 1.0889, 0.9075, 0.9269
gcc_results/gcc_2lev_PAG-32-16-0_PAP-4-8-0_1024.out, 32 , 65536 , 16 , 0 , 4 , 4096 , 8 , 0 , 1024 , 1.0970, 0.9135, 0.9326
gcc_results/gcc_2lev_PAG-32-16-0_PAP-4-8-0_128.out, 32 , 65536 , 16 , 0 , 4 , 4096 , 8 , 0 , 128 , 1.0942, 0.9113, 0.9306
gcc_results/gcc_2lev_PAG-32-16-0_PAP-4-8-0_256.out, 32 , 65536 , 16 , 0 , 4 , 4096 , 8 , 0 , 256 , 1.0957, 0.9123, 0.9315
gcc_results/gcc_2lev_PAG-32-16-0_PAP-4-8-0_4096.out, 32 , 65536 , 16 , 0 , 4 , 4096 , 8 , 0 , 4096 , 1.0971, 0.9138, 0.9331
gcc_results/gcc_2lev_PAG-32-16-0_PAP-4-8-0_512.out, 32 , 65536 , 16 , 0 , 4 , 4096 , 8 , 0 , 512 , 1.0959, 0.9127, 0.9318
gcc_results/gcc_2lev_PAG-32-16-0_PAP-8-16-0_1024.out, 32 , 65536 , 16 , 0 , 8 , 16777216 , 16 , 0 , 1024 , 1.0957, 0.9140, 0.9329
gcc_results/gcc_2lev_PAG-32-16-0_PAP-8-16-0_128.out, 32 , 65536 , 16 , 0 , 8 , 16777216 , 16 , 0 , 128 , 1.0936, 0.9122, 0.9313
gcc_results/gcc_2lev_PAG-32-16-0_PAP-8-16-0_256.out, 32 , 65536 , 16 , 0 , 8 , 16777216 , 16 , 0 , 256 , 1.0945, 0.9130, 0.9320
gcc_results/gcc_2lev_PAG-32-16-0_PAP-8-16-0_4096.out, 32 , 65536 , 16 , 0 , 8 , 16777216 , 16 , 0 , 4096 , 1.0961, 0.9143, 0.9333
gcc_results/gcc_2lev_PAG-32-16-0_PAP-8-16-0_512.out, 32 , 65536 , 16 , 0 , 8 , 16777216 , 16 , 0 , 512 , 1.0952, 0.9134, 0.9324
gcc_results/gcc_2lev_PAG-32-16-0_PAP-8-4-0_1024.out, 32 , 65536 , 16 , 0 , 8 , 4096 , 4 , 0 , 1024 , 1.1146, 0.9270, 0.9460
gcc_results/gcc_2lev_PAG-32-16-0_PAP-8-4-0_128.out, 32 , 65536 , 16 , 0 , 8 , 4096 , 4 , 0 , 128 , 1.1131, 0.9255, 0.9444
gcc_results/gcc_2lev_PAG-32-16-0_PAP-8-4-0_256.out, 32 , 65536 , 16 , 0 , 8 , 4096 , 4 , 0 , 256 , 1.1132, 0.9259, 0.9449
gcc_results/gcc_2lev_PAG-32-16-0_PAP-8-4-0_4096.out, 32 , 65536 , 16 , 0 , 8 , 4096 , 4 , 0 , 4096 , 1.1146, 0.9272, 0.9462
gcc_results/gcc_2lev_PAG-32-16-0_PAP-8-4-0_512.out, 32 , 65536 , 16 , 0 , 8 , 4096 , 4 , 0 , 512 , 1.1139, 0.9263, 0.9454
gcc_results/gcc_2lev_PAG-32-16-0_PAP-8-8-0_1024.out, 32 , 65536 , 16 , 0 , 8 , 65536 , 8 , 0 , 1024 , 1.1071, 0.9220, 0.9409
gcc_results/gcc_2lev_PAG-32-16-0_PAP-8-8-0_128.out, 32 , 65536 , 16 , 0 , 8 , 65536 , 8 , 0 , 128 , 1.1070, 0.9215, 0.9405
gcc_results/gcc_2lev_PAG-32-16-0_PAP-8-8-0_256.out, 32 , 65536 , 16 , 0 , 8 , 65536 , 8 , 0 , 256 , 1.1067, 0.9214, 0.9403
gcc_results/gcc_2lev_PAG-32-16-0_PAP-8-8-0_4096.out, 32 , 65536 , 16 , 0 , 8 , 65536 , 8 , 0 , 4096 , 1.1077, 0.9224, 0.9414
gcc_results/gcc_2lev_PAG-32-16-0_PAP-8-8-0_512.out, 32 , 65536 , 16 , 0 , 8 , 65536 , 8 , 0 , 512 , 1.1073, 0.9218, 0.9407
gcc_results/gcc_2lev_PAG-32-4-0_PAP-16-4-0_1024.out, 32 , 16 , 4 , 0 , 16 , 1048576 , 4 , 0 , 1024 , 1.0989, 0.9186, 0.9407
gcc_results/gcc_2lev_PAG-32-4-0_PAP-16-4-0_128.out, 32 , 16 , 4 , 0 , 16 , 1048576 , 4 , 0 , 128 , 1.0997, 0.9190, 0.9411
gcc_results/gcc_2lev_PAG-32-4-0_PAP-16-4-0_256.out, 32 , 16 , 4 , 0 , 16 , 1048576 , 4 , 0 , 256 , 1.0993, 0.9188, 0.9410
gcc_results/gcc_2lev_PAG-32-4-0_PAP-16-4-0_4096.out, 32 , 16 , 4 , 0 , 16 , 1048576 , 4 , 0 , 4096 , 1.0990, 0.9186, 0.9408
gcc_results/gcc_2lev_PAG-32-4-0_PAP-16-4-0_512.out, 32 , 16 , 4 , 0 , 16 , 1048576 , 4 , 0 , 512 , 1.0993, 0.9188, 0.9410
gcc_results/gcc_2lev_PAG-32-4-0_PAP-16-8-0_1024.out, 32 , 16 , 4 , 0 , 16 , 16777216 , 8 , 0 , 1024 , 1.0989, 0.9167, 0.9373
gcc_results/gcc_2lev_PAG-32-4-0_PAP-16-8-0_128.out, 32 , 16 , 4 , 0 , 16 , 16777216 , 8 , 0 , 128 , 1.0983, 0.9162, 0.9367
gcc_results/gcc_2lev_PAG-32-4-0_PAP-16-8-0_256.out, 32 , 16 , 4 , 0 , 16 , 16777216 , 8 , 0 , 256 , 1.0984, 0.9164, 0.9371
gcc_results/gcc_2lev_PAG-32-4-0_PAP-16-8-0_4096.out, 32 , 16 , 4 , 0 , 16 , 16777216 , 8 , 0 , 4096 , 1.0993, 0.9170, 0.9377
gcc_results/gcc_2lev_PAG-32-4-0_PAP-16-8-0_512.out, 32 , 16 , 4 , 0 , 16 , 16777216 , 8 , 0 , 512 , 1.0989, 0.9165, 0.9372
gcc_results/gcc_2lev_PAG-32-4-0_PAP-4-16-0_1024.out, 32 , 16 , 4 , 0 , 4 , 1048576 , 16 , 0 , 1024 , 1.0928, 0.9113, 0.9315
gcc_results/gcc_2lev_PAG-32-4-0_PAP-4-16-0_128.out, 32 , 16 , 4 , 0 , 4 , 1048576 , 16 , 0 , 128 , 1.0908, 0.9099, 0.9301
gcc_results/gcc_2lev_PAG-32-4-0_PAP-4-16-0_256.out, 32 , 16 , 4 , 0 , 4 , 1048576 , 16 , 0 , 256 , 1.0912, 0.9101, 0.9301
gcc_results/gcc_2lev_PAG-32-4-0_PAP-4-16-0_4096.out, 32 , 16 , 4 , 0 , 4 , 1048576 , 16 , 0 , 4096 , 1.0930, 0.9116, 0.9318
gcc_results/gcc_2lev_PAG-32-4-0_PAP-4-16-0_512.out, 32 , 16 , 4 , 0 , 4 , 1048576 , 16 , 0 , 512 , 1.0919, 0.9110, 0.9310
gcc_results/gcc_2lev_PAG-32-4-0_PAP-4-4-0_1024.out, 32 , 16 , 4 , 0 , 4 , 256 , 4 , 0 , 1024 , 1.0461, 0.8758, 0.8989
gcc_results/gcc_2lev_PAG-32-4-0_PAP-4-4-0_128.out, 32 , 16 , 4 , 0 , 4 , 256 , 4 , 0 , 128 , 1.0403, 0.8709, 0.8939
gcc_results/gcc_2lev_PAG-32-4-0_PAP-4-4-0_256.out, 32 , 16 , 4 , 0 , 4 , 256 , 4 , 0 , 256 , 1.0433, 0.8739, 0.8969
gcc_results/gcc_2lev_PAG-32-4-0_PAP-4-4-0_4096.out, 32 , 16 , 4 , 0 , 4 , 256 , 4 , 0 , 4096 , 1.0476, 0.8771, 0.9003
gcc_results/gcc_2lev_PAG-32-4-0_PAP-4-4-0_512.out, 32 , 16 , 4 , 0 , 4 , 256 , 4 , 0 , 512 , 1.0447, 0.8749, 0.8980
gcc_results/gcc_2lev_PAG-32-4-0_PAP-4-8-0_1024.out, 32 , 16 , 4 , 0 , 4 , 4096 , 8 , 0 , 1024 , 1.0744, 0.8977, 0.9201
gcc_results/gcc_2lev_PAG-32-4-0_PAP-4-8-0_128.out, 32 , 16 , 4 , 0 , 4 , 4096 , 8 , 0 , 128 , 1.0733, 0.8963, 0.9185
gcc_results/gcc_2lev_PAG-32-4-0_PAP-4-8-0_256.out, 32 , 16 , 4 , 0 , 4 , 4096 , 8 , 0 , 256 , 1.0741, 0.8970, 0.9195
gcc_results/gcc_2lev_PAG-32-4-0_PAP-4-8-0_4096.out, 32 , 16 , 4 , 0 , 4 , 4096 , 8 , 0 , 4096 , 1.0748, 0.8981, 0.9206
gcc_results/gcc_2lev_PAG-32-4-0_PAP-4-8-0_512.out, 32 , 16 , 4 , 0 , 4 , 4096 , 8 , 0 , 512 , 1.0733, 0.8971, 0.9195
gcc_results/gcc_2lev_PAG-32-4-0_PAP-8-16-0_1024.out, 32 , 16 , 4 , 0 , 8 , 16777216 , 16 , 0 , 1024 , 1.0917, 0.9099, 0.9295
gcc_results/gcc_2lev_PAG-32-4-0_PAP-8-16-0_128.out, 32 , 16 , 4 , 0 , 8 , 16777216 , 16 , 0 , 128 , 1.0892, 0.9080, 0.9276
gcc_results/gcc_2lev_PAG-32-4-0_PAP-8-16-0_256.out, 32 , 16 , 4 , 0 , 8 , 16777216 , 16 , 0 , 256 , 1.0905, 0.9089, 0.9285
gcc_results/gcc_2lev_PAG-32-4-0_PAP-8-16-0_4096.out, 32 , 16 , 4 , 0 , 8 , 16777216 , 16 , 0 , 4096 , 1.0921, 0.9101, 0.9297
gcc_results/gcc_2lev_PAG-32-4-0_PAP-8-16-0_512.out, 32 , 16 , 4 , 0 , 8 , 16777216 , 16 , 0 , 512 , 1.0910, 0.9094, 0.9290
gcc_results/gcc_2lev_PAG-32-4-0_PAP-8-4-0_1024.out, 32 , 16 , 4 , 0 , 8 , 4096 , 4 , 0 , 1024 , 1.0927, 0.9126, 0.9346
gcc_results/gcc_2lev_PAG-32-4-0_PAP-8-4-0_128.out, 32 , 16 , 4 , 0 , 8 , 4096 , 4 , 0 , 128 , 1.0911, 0.9115, 0.9335
gcc_results/gcc_2lev_PAG-32-4-0_PAP-8-4-0_256.out, 32 , 16 , 4 , 0 , 8 , 4096 , 4 , 0 , 256 , 1.0912, 0.9115, 0.9337
gcc_results/gcc_2lev_PAG-32-4-0_PAP-8-4-0_4096.out, 32 , 16 , 4 , 0 , 8 , 4096 , 4 , 0 , 4096 , 1.0932, 0.9132, 0.9353
gcc_results/gcc_2lev_PAG-32-4-0_PAP-8-4-0_512.out, 32 , 16 , 4 , 0 , 8 , 4096 , 4 , 0 , 512 , 1.0923, 0.9122, 0.9344
gcc_results/gcc_2lev_PAG-32-4-0_PAP-8-8-0_1024.out, 32 , 16 , 4 , 0 , 8 , 65536 , 8 , 0 , 1024 , 1.0963, 0.9142, 0.9352
gcc_results/gcc_2lev_PAG-32-4-0_PAP-8-8-0_128.out, 32 , 16 , 4 , 0 , 8 , 65536 , 8 , 0 , 128 , 1.0951, 0.9132, 0.9342
gcc_results/gcc_2lev_PAG-32-4-0_PAP-8-8-0_256.out, 32 , 16 , 4 , 0 , 8 , 65536 , 8 , 0 , 256 , 1.0955, 0.9136, 0.9347
gcc_results/gcc_2lev_PAG-32-4-0_PAP-8-8-0_4096.out, 32 , 16 , 4 , 0 , 8 , 65536 , 8 , 0 , 4096 , 1.0965, 0.9144, 0.9355
gcc_results/gcc_2lev_PAG-32-4-0_PAP-8-8-0_512.out, 32 , 16 , 4 , 0 , 8 , 65536 , 8 , 0 , 512 , 1.0960, 0.9139, 0.9350
gcc_results/gcc_2lev_PAG-32-8-0_PAP-16-4-0_1024.out, 32 , 256 , 8 , 0 , 16 , 1048576 , 4 , 0 , 1024 , 1.1017, 0.9205, 0.9421
gcc_results/gcc_2lev_PAG-32-8-0_PAP-16-4-0_128.out, 32 , 256 , 8 , 0 , 16 , 1048576 , 4 , 0 , 128 , 1.1024, 0.9209, 0.9423
gcc_results/gcc_2lev_PAG-32-8-0_PAP-16-4-0_256.out, 32 , 256 , 8 , 0 , 16 , 1048576 , 4 , 0 , 256 , 1.1023, 0.9210, 0.9424
gcc_results/gcc_2lev_PAG-32-8-0_PAP-16-4-0_4096.out, 32 , 256 , 8 , 0 , 16 , 1048576 , 4 , 0 , 4096 , 1.1016, 0.9206, 0.9422
gcc_results/gcc_2lev_PAG-32-8-0_PAP-16-4-0_512.out, 32 , 256 , 8 , 0 , 16 , 1048576 , 4 , 0 , 512 , 1.1018, 0.9206, 0.9422
gcc_results/gcc_2lev_PAG-32-8-0_PAP-16-8-0_1024.out, 32 , 256 , 8 , 0 , 16 , 16777216 , 8 , 0 , 1024 , 1.1000, 0.9175, 0.9379
gcc_results/gcc_2lev_PAG-32-8-0_PAP-16-8-0_128.out, 32 , 256 , 8 , 0 , 16 , 16777216 , 8 , 0 , 128 , 1.0994, 0.9174, 0.9379
gcc_results/gcc_2lev_PAG-32-8-0_PAP-16-8-0_256.out, 32 , 256 , 8 , 0 , 16 , 16777216 , 8 , 0 , 256 , 1.0995, 0.9175, 0.9380
gcc_results/gcc_2lev_PAG-32-8-0_PAP-16-8-0_4096.out, 32 , 256 , 8 , 0 , 16 , 16777216 , 8 , 0 , 4096 , 1.1002, 0.9178, 0.9383
gcc_results/gcc_2lev_PAG-32-8-0_PAP-16-8-0_512.out, 32 , 256 , 8 , 0 , 16 , 16777216 , 8 , 0 , 512 , 1.1000, 0.9175, 0.9380
gcc_results/gcc_2lev_PAG-32-8-0_PAP-4-16-0_1024.out, 32 , 256 , 8 , 0 , 4 , 1048576 , 16 , 0 , 1024 , 1.0962, 0.9143, 0.9343
gcc_results/gcc_2lev_PAG-32-8-0_PAP-4-16-0_128.out, 32 , 256 , 8 , 0 , 4 , 1048576 , 16 , 0 , 128 , 1.0946, 0.9126, 0.9326
gcc_results/gcc_2lev_PAG-32-8-0_PAP-4-16-0_256.out, 32 , 256 , 8 , 0 , 4 , 1048576 , 16 , 0 , 256 , 1.0949, 0.9131, 0.9331
gcc_results/gcc_2lev_PAG-32-8-0_PAP-4-16-0_4096.out, 32 , 256 , 8 , 0 , 4 , 1048576 , 16 , 0 , 4096 , 1.0962, 0.9145, 0.9346
gcc_results/gcc_2lev_PAG-32-8-0_PAP-4-16-0_512.out, 32 , 256 , 8 , 0 , 4 , 1048576 , 16 , 0 , 512 , 1.0953, 0.9138, 0.9338
gcc_results/gcc_2lev_PAG-32-8-0_PAP-4-4-0_1024.out, 32 , 256 , 8 , 0 , 4 , 256 , 4 , 0 , 1024 , 1.0617, 0.8874, 0.9097
gcc_results/gcc_2lev_PAG-32-8-0_PAP-4-4-0_128.out, 32 , 256 , 8 , 0 , 4 , 256 , 4 , 0 , 128 , 1.0558, 0.8821, 0.9043
gcc_results/gcc_2lev_PAG-32-8-0_PAP-4-4-0_256.out, 32 , 256 , 8 , 0 , 4 , 256 , 4 , 0 , 256 , 1.0588, 0.8847, 0.9070
gcc_results/gcc_2lev_PAG-32-8-0_PAP-4-4-0_4096.out, 32 , 256 , 8 , 0 , 4 , 256 , 4 , 0 , 4096 , 1.0622, 0.8880, 0.9104
gcc_results/gcc_2lev_PAG-32-8-0_PAP-4-4-0_512.out, 32 , 256 , 8 , 0 , 4 , 256 , 4 , 0 , 512 , 1.0605, 0.8864, 0.9087
gcc_results/gcc_2lev_PAG-32-8-0_PAP-4-8-0_1024.out, 32 , 256 , 8 , 0 , 4 , 4096 , 8 , 0 , 1024 , 1.0781, 0.9005, 0.9227
gcc_results/gcc_2lev_PAG-32-8-0_PAP-4-8-0_128.out, 32 , 256 , 8 , 0 , 4 , 4096 , 8 , 0 , 128 , 1.0761, 0.8985, 0.9208
gcc_results/gcc_2lev_PAG-32-8-0_PAP-4-8-0_256.out, 32 , 256 , 8 , 0 , 4 , 4096 , 8 , 0 , 256 , 1.0768, 0.8993, 0.9216
gcc_results/gcc_2lev_PAG-32-8-0_PAP-4-8-0_4096.out, 32 , 256 , 8 , 0 , 4 , 4096 , 8 , 0 , 4096 , 1.0782, 0.9008, 0.9231
gcc_results/gcc_2lev_PAG-32-8-0_PAP-4-8-0_512.out, 32 , 256 , 8 , 0 , 4 , 4096 , 8 , 0 , 512 , 1.0769, 0.8995, 0.9218
gcc_results/gcc_2lev_PAG-32-8-0_PAP-8-16-0_1024.out, 32 , 256 , 8 , 0 , 8 , 16777216 , 16 , 0 , 1024 , 1.0951, 0.9128, 0.9324
gcc_results/gcc_2lev_PAG-32-8-0_PAP-8-16-0_128.out, 32 , 256 , 8 , 0 , 8 , 16777216 , 16 , 0 , 128 , 1.0928, 0.9110, 0.9306
gcc_results/gcc_2lev_PAG-32-8-0_PAP-8-16-0_256.out, 32 , 256 , 8 , 0 , 8 , 16777216 , 16 , 0 , 256 , 1.0940, 0.9121, 0.9316
gcc_results/gcc_2lev_PAG-32-8-0_PAP-8-16-0_4096.out, 32 , 256 , 8 , 0 , 8 , 16777216 , 16 , 0 , 4096 , 1.0956, 0.9134, 0.9331
gcc_results/gcc_2lev_PAG-32-8-0_PAP-8-16-0_512.out, 32 , 256 , 8 , 0 , 8 , 16777216 , 16 , 0 , 512 , 1.0942, 0.9122, 0.9317
gcc_results/gcc_2lev_PAG-32-8-0_PAP-8-4-0_1024.out, 32 , 256 , 8 , 0 , 8 , 4096 , 4 , 0 , 1024 , 1.0954, 0.9143, 0.9361
gcc_results/gcc_2lev_PAG-32-8-0_PAP-8-4-0_128.out, 32 , 256 , 8 , 0 , 8 , 4096 , 4 , 0 , 128 , 1.0943, 0.9135, 0.9352
gcc_results/gcc_2lev_PAG-32-8-0_PAP-8-4-0_256.out, 32 , 256 , 8 , 0 , 8 , 4096 , 4 , 0 , 256 , 1.0945, 0.9134, 0.9353
gcc_results/gcc_2lev_PAG-32-8-0_PAP-8-4-0_4096.out, 32 , 256 , 8 , 0 , 8 , 4096 , 4 , 0 , 4096 , 1.0955, 0.9148, 0.9367
gcc_results/gcc_2lev_PAG-32-8-0_PAP-8-4-0_512.out, 32 , 256 , 8 , 0 , 8 , 4096 , 4 , 0 , 512 , 1.0947, 0.9138, 0.9356
gcc_results/gcc_2lev_PAG-32-8-0_PAP-8-8-0_1024.out, 32 , 256 , 8 , 0 , 8 , 65536 , 8 , 0 , 1024 , 1.0983, 0.9156, 0.9363
gcc_results/gcc_2lev_PAG-32-8-0_PAP-8-8-0_128.out, 32 , 256 , 8 , 0 , 8 , 65536 , 8 , 0 , 128 , 1.0979, 0.9153, 0.9360
gcc_results/gcc_2lev_PAG-32-8-0_PAP-8-8-0_256.out, 32 , 256 , 8 , 0 , 8 , 65536 , 8 , 0 , 256 , 1.0976, 0.9151, 0.9358
gcc_results/gcc_2lev_PAG-32-8-0_PAP-8-8-0_4096.out, 32 , 256 , 8 , 0 , 8 , 65536 , 8 , 0 , 4096 , 1.0982, 0.9157, 0.9365
gcc_results/gcc_2lev_PAG-32-8-0_PAP-8-8-0_512.out, 32 , 256 , 8 , 0 , 8 , 65536 , 8 , 0 , 512 , 1.0981, 0.9154, 0.9361
gcc_results/gcc_2lev_PAG-4-16-0_PAP-16-4-0_1024.out, 4 , 65536 , 16 , 0 , 16 , 1048576 , 4 , 0 , 1024 , 1.1138, 0.9284, 0.9490
gcc_results/gcc_2lev_PAG-4-16-0_PAP-16-4-0_128.out, 4 , 65536 , 16 , 0 , 16 , 1048576 , 4 , 0 , 128 , 1.1130, 0.9277, 0.9481
gcc_results/gcc_2lev_PAG-4-16-0_PAP-16-4-0_256.out, 4 , 65536 , 16 , 0 , 16 , 1048576 , 4 , 0 , 256 , 1.1134, 0.9280, 0.9485
gcc_results/gcc_2lev_PAG-4-16-0_PAP-16-4-0_4096.out, 4 , 65536 , 16 , 0 , 16 , 1048576 , 4 , 0 , 4096 , 1.1140, 0.9285, 0.9491
gcc_results/gcc_2lev_PAG-4-16-0_PAP-16-4-0_512.out, 4 , 65536 , 16 , 0 , 16 , 1048576 , 4 , 0 , 512 , 1.1139, 0.9283, 0.9489
gcc_results/gcc_2lev_PAG-4-16-0_PAP-16-8-0_1024.out, 4 , 65536 , 16 , 0 , 16 , 16777216 , 8 , 0 , 1024 , 1.1060, 0.9219, 0.9417
gcc_results/gcc_2lev_PAG-4-16-0_PAP-16-8-0_128.out, 4 , 65536 , 16 , 0 , 16 , 16777216 , 8 , 0 , 128 , 1.1041, 0.9201, 0.9398
gcc_results/gcc_2lev_PAG-4-16-0_PAP-16-8-0_256.out, 4 , 65536 , 16 , 0 , 16 , 16777216 , 8 , 0 , 256 , 1.1041, 0.9205, 0.9402
gcc_results/gcc_2lev_PAG-4-16-0_PAP-16-8-0_4096.out, 4 , 65536 , 16 , 0 , 16 , 16777216 , 8 , 0 , 4096 , 1.1066, 0.9223, 0.9420
gcc_results/gcc_2lev_PAG-4-16-0_PAP-16-8-0_512.out, 4 , 65536 , 16 , 0 , 16 , 16777216 , 8 , 0 , 512 , 1.1056, 0.9216, 0.9414
gcc_results/gcc_2lev_PAG-4-16-0_PAP-4-16-0_1024.out, 4 , 65536 , 16 , 0 , 4 , 1048576 , 16 , 0 , 1024 , 1.0752, 0.8960, 0.9159
gcc_results/gcc_2lev_PAG-4-16-0_PAP-4-16-0_128.out, 4 , 65536 , 16 , 0 , 4 , 1048576 , 16 , 0 , 128 , 1.0741, 0.8951, 0.9150
gcc_results/gcc_2lev_PAG-4-16-0_PAP-4-16-0_256.out, 4 , 65536 , 16 , 0 , 4 , 1048576 , 16 , 0 , 256 , 1.0746, 0.8957, 0.9156
gcc_results/gcc_2lev_PAG-4-16-0_PAP-4-16-0_4096.out, 4 , 65536 , 16 , 0 , 4 , 1048576 , 16 , 0 , 4096 , 1.0755, 0.8963, 0.9162
gcc_results/gcc_2lev_PAG-4-16-0_PAP-4-16-0_512.out, 4 , 65536 , 16 , 0 , 4 , 1048576 , 16 , 0 , 512 , 1.0751, 0.8960, 0.9158
gcc_results/gcc_2lev_PAG-4-16-0_PAP-4-4-0_1024.out, 4 , 65536 , 16 , 0 , 4 , 256 , 4 , 0 , 1024 , 1.0818, 0.9010, 0.9227
gcc_results/gcc_2lev_PAG-4-16-0_PAP-4-4-0_128.out, 4 , 65536 , 16 , 0 , 4 , 256 , 4 , 0 , 128 , 1.0786, 0.8974, 0.9188
gcc_results/gcc_2lev_PAG-4-16-0_PAP-4-4-0_256.out, 4 , 65536 , 16 , 0 , 4 , 256 , 4 , 0 , 256 , 1.0798, 0.8991, 0.9206
gcc_results/gcc_2lev_PAG-4-16-0_PAP-4-4-0_4096.out, 4 , 65536 , 16 , 0 , 4 , 256 , 4 , 0 , 4096 , 1.0818, 0.9012, 0.9229
gcc_results/gcc_2lev_PAG-4-16-0_PAP-4-4-0_512.out, 4 , 65536 , 16 , 0 , 4 , 256 , 4 , 0 , 512 , 1.0803, 0.9000, 0.9216
gcc_results/gcc_2lev_PAG-4-16-0_PAP-4-8-0_1024.out, 4 , 65536 , 16 , 0 , 4 , 4096 , 8 , 0 , 1024 , 1.0840, 0.9017, 0.9224
gcc_results/gcc_2lev_PAG-4-16-0_PAP-4-8-0_128.out, 4 , 65536 , 16 , 0 , 4 , 4096 , 8 , 0 , 128 , 1.0803, 0.8992, 0.9201
gcc_results/gcc_2lev_PAG-4-16-0_PAP-4-8-0_256.out, 4 , 65536 , 16 , 0 , 4 , 4096 , 8 , 0 , 256 , 1.0815, 0.9001, 0.9209
gcc_results/gcc_2lev_PAG-4-16-0_PAP-4-8-0_4096.out, 4 , 65536 , 16 , 0 , 4 , 4096 , 8 , 0 , 4096 , 1.0844, 0.9022, 0.9230
gcc_results/gcc_2lev_PAG-4-16-0_PAP-4-8-0_512.out, 4 , 65536 , 16 , 0 , 4 , 4096 , 8 , 0 , 512 , 1.0833, 0.9013, 0.9220
gcc_results/gcc_2lev_PAG-4-16-0_PAP-8-16-0_1024.out, 4 , 65536 , 16 , 0 , 8 , 16777216 , 16 , 0 , 1024 , 1.0904, 0.9095, 0.9289
gcc_results/gcc_2lev_PAG-4-16-0_PAP-8-16-0_128.out, 4 , 65536 , 16 , 0 , 8 , 16777216 , 16 , 0 , 128 , 1.0877, 0.9077, 0.9271
gcc_results/gcc_2lev_PAG-4-16-0_PAP-8-16-0_256.out, 4 , 65536 , 16 , 0 , 8 , 16777216 , 16 , 0 , 256 , 1.0891, 0.9082, 0.9277
gcc_results/gcc_2lev_PAG-4-16-0_PAP-8-16-0_4096.out, 4 , 65536 , 16 , 0 , 8 , 16777216 , 16 , 0 , 4096 , 1.0909, 0.9099, 0.9292
gcc_results/gcc_2lev_PAG-4-16-0_PAP-8-16-0_512.out, 4 , 65536 , 16 , 0 , 8 , 16777216 , 16 , 0 , 512 , 1.0901, 0.9092, 0.9286
gcc_results/gcc_2lev_PAG-4-16-0_PAP-8-4-0_1024.out, 4 , 65536 , 16 , 0 , 8 , 4096 , 4 , 0 , 1024 , 1.1081, 0.9230, 0.9437
gcc_results/gcc_2lev_PAG-4-16-0_PAP-8-4-0_128.out, 4 , 65536 , 16 , 0 , 8 , 4096 , 4 , 0 , 128 , 1.1055, 0.9211, 0.9417
gcc_results/gcc_2lev_PAG-4-16-0_PAP-8-4-0_256.out, 4 , 65536 , 16 , 0 , 8 , 4096 , 4 , 0 , 256 , 1.1064, 0.9216, 0.9423
gcc_results/gcc_2lev_PAG-4-16-0_PAP-8-4-0_4096.out, 4 , 65536 , 16 , 0 , 8 , 4096 , 4 , 0 , 4096 , 1.1088, 0.9234, 0.9441
gcc_results/gcc_2lev_PAG-4-16-0_PAP-8-4-0_512.out, 4 , 65536 , 16 , 0 , 8 , 4096 , 4 , 0 , 512 , 1.1070, 0.9224, 0.9431
gcc_results/gcc_2lev_PAG-4-16-0_PAP-8-8-0_1024.out, 4 , 65536 , 16 , 0 , 8 , 65536 , 8 , 0 , 1024 , 1.1029, 0.9192, 0.9390
gcc_results/gcc_2lev_PAG-4-16-0_PAP-8-8-0_128.out, 4 , 65536 , 16 , 0 , 8 , 65536 , 8 , 0 , 128 , 1.1011, 0.9174, 0.9372
gcc_results/gcc_2lev_PAG-4-16-0_PAP-8-8-0_256.out, 4 , 65536 , 16 , 0 , 8 , 65536 , 8 , 0 , 256 , 1.1020, 0.9180, 0.9377
gcc_results/gcc_2lev_PAG-4-16-0_PAP-8-8-0_4096.out, 4 , 65536 , 16 , 0 , 8 , 65536 , 8 , 0 , 4096 , 1.1035, 0.9194, 0.9391
gcc_results/gcc_2lev_PAG-4-16-0_PAP-8-8-0_512.out, 4 , 65536 , 16 , 0 , 8 , 65536 , 8 , 0 , 512 , 1.1028, 0.9187, 0.9385
gcc_results/gcc_2lev_PAG-4-4-0_PAP-16-4-0_1024.out, 4 , 16 , 4 , 0 , 16 , 1048576 , 4 , 0 , 1024 , 1.0983, 0.9184, 0.9408
gcc_results/gcc_2lev_PAG-4-4-0_PAP-16-4-0_128.out, 4 , 16 , 4 , 0 , 16 , 1048576 , 4 , 0 , 128 , 1.0990, 0.9188, 0.9412
gcc_results/gcc_2lev_PAG-4-4-0_PAP-16-4-0_256.out, 4 , 16 , 4 , 0 , 16 , 1048576 , 4 , 0 , 256 , 1.0992, 0.9187, 0.9411
gcc_results/gcc_2lev_PAG-4-4-0_PAP-16-4-0_4096.out, 4 , 16 , 4 , 0 , 16 , 1048576 , 4 , 0 , 4096 , 1.0984, 0.9183, 0.9408
gcc_results/gcc_2lev_PAG-4-4-0_PAP-16-4-0_512.out, 4 , 16 , 4 , 0 , 16 , 1048576 , 4 , 0 , 512 , 1.0986, 0.9185, 0.9408
gcc_results/gcc_2lev_PAG-4-4-0_PAP-16-8-0_1024.out, 4 , 16 , 4 , 0 , 16 , 16777216 , 8 , 0 , 1024 , 1.0967, 0.9152, 0.9361
gcc_results/gcc_2lev_PAG-4-4-0_PAP-16-8-0_128.out, 4 , 16 , 4 , 0 , 16 , 16777216 , 8 , 0 , 128 , 1.0966, 0.9147, 0.9354
gcc_results/gcc_2lev_PAG-4-4-0_PAP-16-8-0_256.out, 4 , 16 , 4 , 0 , 16 , 16777216 , 8 , 0 , 256 , 1.0967, 0.9149, 0.9357
gcc_results/gcc_2lev_PAG-4-4-0_PAP-16-8-0_4096.out, 4 , 16 , 4 , 0 , 16 , 16777216 , 8 , 0 , 4096 , 1.0973, 0.9155, 0.9364
gcc_results/gcc_2lev_PAG-4-4-0_PAP-16-8-0_512.out, 4 , 16 , 4 , 0 , 16 , 16777216 , 8 , 0 , 512 , 1.0967, 0.9150, 0.9358
gcc_results/gcc_2lev_PAG-4-4-0_PAP-4-16-0_1024.out, 4 , 16 , 4 , 0 , 4 , 1048576 , 16 , 0 , 1024 , 1.0792, 0.8992, 0.9195
gcc_results/gcc_2lev_PAG-4-4-0_PAP-4-16-0_128.out, 4 , 16 , 4 , 0 , 4 , 1048576 , 16 , 0 , 128 , 1.0774, 0.8974, 0.9176
gcc_results/gcc_2lev_PAG-4-4-0_PAP-4-16-0_256.out, 4 , 16 , 4 , 0 , 4 , 1048576 , 16 , 0 , 256 , 1.0787, 0.8984, 0.9186
gcc_results/gcc_2lev_PAG-4-4-0_PAP-4-16-0_4096.out, 4 , 16 , 4 , 0 , 4 , 1048576 , 16 , 0 , 4096 , 1.0794, 0.8995, 0.9198
gcc_results/gcc_2lev_PAG-4-4-0_PAP-4-16-0_512.out, 4 , 16 , 4 , 0 , 4 , 1048576 , 16 , 0 , 512 , 1.0788, 0.8986, 0.9189
gcc_results/gcc_2lev_PAG-4-4-0_PAP-4-4-0_1024.out, 4 , 16 , 4 , 0 , 4 , 256 , 4 , 0 , 1024 , 1.0436, 0.8675, 0.8908
gcc_results/gcc_2lev_PAG-4-4-0_PAP-4-4-0_128.out, 4 , 16 , 4 , 0 , 4 , 256 , 4 , 0 , 128 , 1.0375, 0.8623, 0.8856
gcc_results/gcc_2lev_PAG-4-4-0_PAP-4-4-0_256.out, 4 , 16 , 4 , 0 , 4 , 256 , 4 , 0 , 256 , 1.0398, 0.8652, 0.8885
gcc_results/gcc_2lev_PAG-4-4-0_PAP-4-4-0_4096.out, 4 , 16 , 4 , 0 , 4 , 256 , 4 , 0 , 4096 , 1.0441, 0.8679, 0.8912
gcc_results/gcc_2lev_PAG-4-4-0_PAP-4-4-0_512.out, 4 , 16 , 4 , 0 , 4 , 256 , 4 , 0 , 512 , 1.0422, 0.8669, 0.8902
gcc_results/gcc_2lev_PAG-4-4-0_PAP-4-8-0_1024.out, 4 , 16 , 4 , 0 , 4 , 4096 , 8 , 0 , 1024 , 1.0683, 0.8894, 0.9117
gcc_results/gcc_2lev_PAG-4-4-0_PAP-4-8-0_128.out, 4 , 16 , 4 , 0 , 4 , 4096 , 8 , 0 , 128 , 1.0652, 0.8870, 0.9093
gcc_results/gcc_2lev_PAG-4-4-0_PAP-4-8-0_256.out, 4 , 16 , 4 , 0 , 4 , 4096 , 8 , 0 , 256 , 1.0672, 0.8884, 0.9104
gcc_results/gcc_2lev_PAG-4-4-0_PAP-4-8-0_4096.out, 4 , 16 , 4 , 0 , 4 , 4096 , 8 , 0 , 4096 , 1.0689, 0.8898, 0.9122
gcc_results/gcc_2lev_PAG-4-4-0_PAP-4-8-0_512.out, 4 , 16 , 4 , 0 , 4 , 4096 , 8 , 0 , 512 , 1.0679, 0.8891, 0.9112
gcc_results/gcc_2lev_PAG-4-4-0_PAP-8-16-0_1024.out, 4 , 16 , 4 , 0 , 8 , 16777216 , 16 , 0 , 1024 , 1.0815, 0.9026, 0.9225
gcc_results/gcc_2lev_PAG-4-4-0_PAP-8-16-0_128.out, 4 , 16 , 4 , 0 , 8 , 16777216 , 16 , 0 , 128 , 1.0793, 0.9010, 0.9208
gcc_results/gcc_2lev_PAG-4-4-0_PAP-8-16-0_256.out, 4 , 16 , 4 , 0 , 8 , 16777216 , 16 , 0 , 256 , 1.0804, 0.9018, 0.9217
gcc_results/gcc_2lev_PAG-4-4-0_PAP-8-16-0_4096.out, 4 , 16 , 4 , 0 , 8 , 16777216 , 16 , 0 , 4096 , 1.0817, 0.9030, 0.9228
gcc_results/gcc_2lev_PAG-4-4-0_PAP-8-16-0_512.out, 4 , 16 , 4 , 0 , 8 , 16777216 , 16 , 0 , 512 , 1.0808, 0.9022, 0.9221
gcc_results/gcc_2lev_PAG-4-4-0_PAP-8-4-0_1024.out, 4 , 16 , 4 , 0 , 8 , 4096 , 4 , 0 , 1024 , 1.0913, 0.9113, 0.9338
gcc_results/gcc_2lev_PAG-4-4-0_PAP-8-4-0_128.out, 4 , 16 , 4 , 0 , 8 , 4096 , 4 , 0 , 128 , 1.0903, 0.9103, 0.9326
gcc_results/gcc_2lev_PAG-4-4-0_PAP-8-4-0_256.out, 4 , 16 , 4 , 0 , 8 , 4096 , 4 , 0 , 256 , 1.0900, 0.9103, 0.9327
gcc_results/gcc_2lev_PAG-4-4-0_PAP-8-4-0_4096.out, 4 , 16 , 4 , 0 , 8 , 4096 , 4 , 0 , 4096 , 1.0913, 0.9118, 0.9343
gcc_results/gcc_2lev_PAG-4-4-0_PAP-8-4-0_512.out, 4 , 16 , 4 , 0 , 8 , 4096 , 4 , 0 , 512 , 1.0914, 0.9109, 0.9333
gcc_results/gcc_2lev_PAG-4-4-0_PAP-8-8-0_1024.out, 4 , 16 , 4 , 0 , 8 , 65536 , 8 , 0 , 1024 , 1.0928, 0.9118, 0.9330
gcc_results/gcc_2lev_PAG-4-4-0_PAP-8-8-0_128.out, 4 , 16 , 4 , 0 , 8 , 65536 , 8 , 0 , 128 , 1.0928, 0.9117, 0.9328
gcc_results/gcc_2lev_PAG-4-4-0_PAP-8-8-0_256.out, 4 , 16 , 4 , 0 , 8 , 65536 , 8 , 0 , 256 , 1.0927, 0.9118, 0.9330
gcc_results/gcc_2lev_PAG-4-4-0_PAP-8-8-0_4096.out, 4 , 16 , 4 , 0 , 8 , 65536 , 8 , 0 , 4096 , 1.0925, 0.9118, 0.9331
gcc_results/gcc_2lev_PAG-4-4-0_PAP-8-8-0_512.out, 4 , 16 , 4 , 0 , 8 , 65536 , 8 , 0 , 512 , 1.0926, 0.9116, 0.9327
gcc_results/gcc_2lev_PAG-4-8-0_PAP-16-4-0_1024.out, 4 , 256 , 8 , 0 , 16 , 1048576 , 4 , 0 , 1024 , 1.1010, 0.9194, 0.9415
gcc_results/gcc_2lev_PAG-4-8-0_PAP-16-4-0_128.out, 4 , 256 , 8 , 0 , 16 , 1048576 , 4 , 0 , 128 , 1.1020, 0.9201, 0.9422
gcc_results/gcc_2lev_PAG-4-8-0_PAP-16-4-0_256.out, 4 , 256 , 8 , 0 , 16 , 1048576 , 4 , 0 , 256 , 1.1015, 0.9199, 0.9419
gcc_results/gcc_2lev_PAG-4-8-0_PAP-16-4-0_4096.out, 4 , 256 , 8 , 0 , 16 , 1048576 , 4 , 0 , 4096 , 1.1014, 0.9197, 0.9418
gcc_results/gcc_2lev_PAG-4-8-0_PAP-16-4-0_512.out, 4 , 256 , 8 , 0 , 16 , 1048576 , 4 , 0 , 512 , 1.1012, 0.9196, 0.9416
gcc_results/gcc_2lev_PAG-4-8-0_PAP-16-8-0_1024.out, 4 , 256 , 8 , 0 , 16 , 16777216 , 8 , 0 , 1024 , 1.0978, 0.9155, 0.9366
gcc_results/gcc_2lev_PAG-4-8-0_PAP-16-8-0_128.out, 4 , 256 , 8 , 0 , 16 , 16777216 , 8 , 0 , 128 , 1.0970, 0.9155, 0.9363
gcc_results/gcc_2lev_PAG-4-8-0_PAP-16-8-0_256.out, 4 , 256 , 8 , 0 , 16 , 16777216 , 8 , 0 , 256 , 1.0980, 0.9157, 0.9366
gcc_results/gcc_2lev_PAG-4-8-0_PAP-16-8-0_4096.out, 4 , 256 , 8 , 0 , 16 , 16777216 , 8 , 0 , 4096 , 1.0984, 0.9161, 0.9371
gcc_results/gcc_2lev_PAG-4-8-0_PAP-16-8-0_512.out, 4 , 256 , 8 , 0 , 16 , 16777216 , 8 , 0 , 512 , 1.0980, 0.9155, 0.9367
gcc_results/gcc_2lev_PAG-4-8-0_PAP-4-16-0_1024.out, 4 , 256 , 8 , 0 , 4 , 1048576 , 16 , 0 , 1024 , 1.0818, 0.9012, 0.9212
gcc_results/gcc_2lev_PAG-4-8-0_PAP-4-16-0_128.out, 4 , 256 , 8 , 0 , 4 , 1048576 , 16 , 0 , 128 , 1.0799, 0.8996, 0.9195
gcc_results/gcc_2lev_PAG-4-8-0_PAP-4-16-0_256.out, 4 , 256 , 8 , 0 , 4 , 1048576 , 16 , 0 , 256 , 1.0805, 0.9003, 0.9204
gcc_results/gcc_2lev_PAG-4-8-0_PAP-4-16-0_4096.out, 4 , 256 , 8 , 0 , 4 , 1048576 , 16 , 0 , 4096 , 1.0820, 0.9015, 0.9215
gcc_results/gcc_2lev_PAG-4-8-0_PAP-4-16-0_512.out, 4 , 256 , 8 , 0 , 4 , 1048576 , 16 , 0 , 512 , 1.0812, 0.9011, 0.9211
gcc_results/gcc_2lev_PAG-4-8-0_PAP-4-4-0_1024.out, 4 , 256 , 8 , 0 , 4 , 256 , 4 , 0 , 1024 , 1.0519, 0.8771, 0.8999
gcc_results/gcc_2lev_PAG-4-8-0_PAP-4-4-0_128.out, 4 , 256 , 8 , 0 , 4 , 256 , 4 , 0 , 128 , 1.0443, 0.8717, 0.8944
gcc_results/gcc_2lev_PAG-4-8-0_PAP-4-4-0_256.out, 4 , 256 , 8 , 0 , 4 , 256 , 4 , 0 , 256 , 1.0498, 0.8750, 0.8978
gcc_results/gcc_2lev_PAG-4-8-0_PAP-4-4-0_4096.out, 4 , 256 , 8 , 0 , 4 , 256 , 4 , 0 , 4096 , 1.0528, 0.8778, 0.9007
gcc_results/gcc_2lev_PAG-4-8-0_PAP-4-4-0_512.out, 4 , 256 , 8 , 0 , 4 , 256 , 4 , 0 , 512 , 1.0509, 0.8756, 0.8985
gcc_results/gcc_2lev_PAG-4-8-0_PAP-4-8-0_1024.out, 4 , 256 , 8 , 0 , 4 , 4096 , 8 , 0 , 1024 , 1.0697, 0.8906, 0.9127
gcc_results/gcc_2lev_PAG-4-8-0_PAP-4-8-0_128.out, 4 , 256 , 8 , 0 , 4 , 4096 , 8 , 0 , 128 , 1.0664, 0.8883, 0.9105
gcc_results/gcc_2lev_PAG-4-8-0_PAP-4-8-0_256.out, 4 , 256 , 8 , 0 , 4 , 4096 , 8 , 0 , 256 , 1.0680, 0.8892, 0.9114
gcc_results/gcc_2lev_PAG-4-8-0_PAP-4-8-0_4096.out, 4 , 256 , 8 , 0 , 4 , 4096 , 8 , 0 , 4096 , 1.0696, 0.8907, 0.9127
gcc_results/gcc_2lev_PAG-4-8-0_PAP-4-8-0_512.out, 4 , 256 , 8 , 0 , 4 , 4096 , 8 , 0 , 512 , 1.0693, 0.8899, 0.9121
gcc_results/gcc_2lev_PAG-4-8-0_PAP-8-16-0_1024.out, 4 , 256 , 8 , 0 , 8 , 16777216 , 16 , 0 , 1024 , 1.0884, 0.9073, 0.9271
gcc_results/gcc_2lev_PAG-4-8-0_PAP-8-16-0_128.out, 4 , 256 , 8 , 0 , 8 , 16777216 , 16 , 0 , 128 , 1.0860, 0.9057, 0.9255
gcc_results/gcc_2lev_PAG-4-8-0_PAP-8-16-0_256.out, 4 , 256 , 8 , 0 , 8 , 16777216 , 16 , 0 , 256 , 1.0878, 0.9065, 0.9264
gcc_results/gcc_2lev_PAG-4-8-0_PAP-8-16-0_4096.out, 4 , 256 , 8 , 0 , 8 , 16777216 , 16 , 0 , 4096 , 1.0891, 0.9077, 0.9275
gcc_results/gcc_2lev_PAG-4-8-0_PAP-8-16-0_512.out, 4 , 256 , 8 , 0 , 8 , 16777216 , 16 , 0 , 512 , 1.0882, 0.9072, 0.9269
gcc_results/gcc_2lev_PAG-4-8-0_PAP-8-4-0_1024.out, 4 , 256 , 8 , 0 , 8 , 4096 , 4 , 0 , 1024 , 1.0942, 0.9133, 0.9356
gcc_results/gcc_2lev_PAG-4-8-0_PAP-8-4-0_128.out, 4 , 256 , 8 , 0 , 8 , 4096 , 4 , 0 , 128 , 1.0914, 0.9116, 0.9338
gcc_results/gcc_2lev_PAG-4-8-0_PAP-8-4-0_256.out, 4 , 256 , 8 , 0 , 8 , 4096 , 4 , 0 , 256 , 1.0929, 0.9120, 0.9343
gcc_results/gcc_2lev_PAG-4-8-0_PAP-8-4-0_4096.out, 4 , 256 , 8 , 0 , 8 , 4096 , 4 , 0 , 4096 , 1.0951, 0.9142, 0.9364
gcc_results/gcc_2lev_PAG-4-8-0_PAP-8-4-0_512.out, 4 , 256 , 8 , 0 , 8 , 4096 , 4 , 0 , 512 , 1.0937, 0.9130, 0.9353
gcc_results/gcc_2lev_PAG-4-8-0_PAP-8-8-0_1024.out, 4 , 256 , 8 , 0 , 8 , 65536 , 8 , 0 , 1024 , 1.0932, 0.9123, 0.9335
gcc_results/gcc_2lev_PAG-4-8-0_PAP-8-8-0_128.out, 4 , 256 , 8 , 0 , 8 , 65536 , 8 , 0 , 128 , 1.0929, 0.9119, 0.9330
gcc_results/gcc_2lev_PAG-4-8-0_PAP-8-8-0_256.out, 4 , 256 , 8 , 0 , 8 , 65536 , 8 , 0 , 256 , 1.0933, 0.9123, 0.9335
gcc_results/gcc_2lev_PAG-4-8-0_PAP-8-8-0_4096.out, 4 , 256 , 8 , 0 , 8 , 65536 , 8 , 0 , 4096 , 1.0940, 0.9126, 0.9338
gcc_results/gcc_2lev_PAG-4-8-0_PAP-8-8-0_512.out, 4 , 256 , 8 , 0 , 8 , 65536 , 8 , 0 , 512 , 1.0937, 0.9124, 0.9336
gcc_results/gcc_2lev_PAG-8-16-0_PAP-16-4-0_1024.out, 8 , 65536 , 16 , 0 , 16 , 1048576 , 4 , 0 , 1024 , 1.1146, 0.9287, 0.9482
gcc_results/gcc_2lev_PAG-8-16-0_PAP-16-4-0_128.out, 8 , 65536 , 16 , 0 , 16 , 1048576 , 4 , 0 , 128 , 1.1131, 0.9280, 0.9476
gcc_results/gcc_2lev_PAG-8-16-0_PAP-16-4-0_256.out, 8 , 65536 , 16 , 0 , 16 , 1048576 , 4 , 0 , 256 , 1.1140, 0.9286, 0.9481
gcc_results/gcc_2lev_PAG-8-16-0_PAP-16-4-0_4096.out, 8 , 65536 , 16 , 0 , 16 , 1048576 , 4 , 0 , 4096 , 1.1146, 0.9287, 0.9484
gcc_results/gcc_2lev_PAG-8-16-0_PAP-16-4-0_512.out, 8 , 65536 , 16 , 0 , 16 , 1048576 , 4 , 0 , 512 , 1.1147, 0.9286, 0.9482
gcc_results/gcc_2lev_PAG-8-16-0_PAP-16-8-0_1024.out, 8 , 65536 , 16 , 0 , 16 , 16777216 , 8 , 0 , 1024 , 1.1005, 0.9179, 0.9377
gcc_results/gcc_2lev_PAG-8-16-0_PAP-16-8-0_128.out, 8 , 65536 , 16 , 0 , 16 , 16777216 , 8 , 0 , 128 , 1.1002, 0.9176, 0.9374
gcc_results/gcc_2lev_PAG-8-16-0_PAP-16-8-0_256.out, 8 , 65536 , 16 , 0 , 16 , 16777216 , 8 , 0 , 256 , 1.1006, 0.9179, 0.9377
gcc_results/gcc_2lev_PAG-8-16-0_PAP-16-8-0_4096.out, 8 , 65536 , 16 , 0 , 16 , 16777216 , 8 , 0 , 4096 , 1.1008, 0.9182, 0.9381
gcc_results/gcc_2lev_PAG-8-16-0_PAP-16-8-0_512.out, 8 , 65536 , 16 , 0 , 16 , 16777216 , 8 , 0 , 512 , 1.1006, 0.9179, 0.9377
gcc_results/gcc_2lev_PAG-8-16-0_PAP-4-16-0_1024.out, 8 , 65536 , 16 , 0 , 4 , 1048576 , 16 , 0 , 1024 , 1.0859, 0.9063, 0.9254
gcc_results/gcc_2lev_PAG-8-16-0_PAP-4-16-0_128.out, 8 , 65536 , 16 , 0 , 4 , 1048576 , 16 , 0 , 128 , 1.0839, 0.9048, 0.9238
gcc_results/gcc_2lev_PAG-8-16-0_PAP-4-16-0_256.out, 8 , 65536 , 16 , 0 , 4 , 1048576 , 16 , 0 , 256 , 1.0852, 0.9056, 0.9246
gcc_results/gcc_2lev_PAG-8-16-0_PAP-4-16-0_4096.out, 8 , 65536 , 16 , 0 , 4 , 1048576 , 16 , 0 , 4096 , 1.0858, 0.9065, 0.9256
gcc_results/gcc_2lev_PAG-8-16-0_PAP-4-16-0_512.out, 8 , 65536 , 16 , 0 , 4 , 1048576 , 16 , 0 , 512 , 1.0855, 0.9061, 0.9252
gcc_results/gcc_2lev_PAG-8-16-0_PAP-4-4-0_1024.out, 8 , 65536 , 16 , 0 , 4 , 256 , 4 , 0 , 1024 , 1.0831, 0.9032, 0.9236
gcc_results/gcc_2lev_PAG-8-16-0_PAP-4-4-0_128.out, 8 , 65536 , 16 , 0 , 4 , 256 , 4 , 0 , 128 , 1.0790, 0.9001, 0.9207
gcc_results/gcc_2lev_PAG-8-16-0_PAP-4-4-0_256.out, 8 , 65536 , 16 , 0 , 4 , 256 , 4 , 0 , 256 , 1.0811, 0.9015, 0.9219
gcc_results/gcc_2lev_PAG-8-16-0_PAP-4-4-0_4096.out, 8 , 65536 , 16 , 0 , 4 , 256 , 4 , 0 , 4096 , 1.0840, 0.9038, 0.9243
gcc_results/gcc_2lev_PAG-8-16-0_PAP-4-4-0_512.out, 8 , 65536 , 16 , 0 , 4 , 256 , 4 , 0 , 512 , 1.0820, 0.9026, 0.9229
gcc_results/gcc_2lev_PAG-8-16-0_PAP-4-8-0_1024.out, 8 , 65536 , 16 , 0 , 4 , 4096 , 8 , 0 , 1024 , 1.0842, 0.9043, 0.9245
gcc_results/gcc_2lev_PAG-8-16-0_PAP-4-8-0_128.out, 8 , 65536 , 16 , 0 , 4 , 4096 , 8 , 0 , 128 , 1.0808, 0.9018, 0.9220
gcc_results/gcc_2lev_PAG-8-16-0_PAP-4-8-0_256.out, 8 , 65536 , 16 , 0 , 4 , 4096 , 8 , 0 , 256 , 1.0823, 0.9030, 0.9233
gcc_results/gcc_2lev_PAG-8-16-0_PAP-4-8-0_4096.out, 8 , 65536 , 16 , 0 , 4 , 4096 , 8 , 0 , 4096 , 1.0844, 0.9047, 0.9251
gcc_results/gcc_2lev_PAG-8-16-0_PAP-4-8-0_512.out, 8 , 65536 , 16 , 0 , 4 , 4096 , 8 , 0 , 512 , 1.0839, 0.9042, 0.9243
gcc_results/gcc_2lev_PAG-8-16-0_PAP-8-16-0_1024.out, 8 , 65536 , 16 , 0 , 8 , 16777216 , 16 , 0 , 1024 , 1.0768, 0.8990, 0.9185
gcc_results/gcc_2lev_PAG-8-16-0_PAP-8-16-0_128.out, 8 , 65536 , 16 , 0 , 8 , 16777216 , 16 , 0 , 128 , 1.0757, 0.8985, 0.9179
gcc_results/gcc_2lev_PAG-8-16-0_PAP-8-16-0_256.out, 8 , 65536 , 16 , 0 , 8 , 16777216 , 16 , 0 , 256 , 1.0763, 0.8989, 0.9184
gcc_results/gcc_2lev_PAG-8-16-0_PAP-8-16-0_4096.out, 8 , 65536 , 16 , 0 , 8 , 16777216 , 16 , 0 , 4096 , 1.0766, 0.8991, 0.9186
gcc_results/gcc_2lev_PAG-8-16-0_PAP-8-16-0_512.out, 8 , 65536 , 16 , 0 , 8 , 16777216 , 16 , 0 , 512 , 1.0766, 0.8989, 0.9183
gcc_results/gcc_2lev_PAG-8-16-0_PAP-8-4-0_1024.out, 8 , 65536 , 16 , 0 , 8 , 4096 , 4 , 0 , 1024 , 1.1081, 0.9228, 0.9425
gcc_results/gcc_2lev_PAG-8-16-0_PAP-8-4-0_128.out, 8 , 65536 , 16 , 0 , 8 , 4096 , 4 , 0 , 128 , 1.1056, 0.9212, 0.9410
gcc_results/gcc_2lev_PAG-8-16-0_PAP-8-4-0_256.out, 8 , 65536 , 16 , 0 , 8 , 4096 , 4 , 0 , 256 , 1.1066, 0.9218, 0.9415
gcc_results/gcc_2lev_PAG-8-16-0_PAP-8-4-0_4096.out, 8 , 65536 , 16 , 0 , 8 , 4096 , 4 , 0 , 4096 , 1.1088, 0.9233, 0.9430
gcc_results/gcc_2lev_PAG-8-16-0_PAP-8-4-0_512.out, 8 , 65536 , 16 , 0 , 8 , 4096 , 4 , 0 , 512 , 1.1079, 0.9227, 0.9424
gcc_results/gcc_2lev_PAG-8-16-0_PAP-8-8-0_1024.out, 8 , 65536 , 16 , 0 , 8 , 65536 , 8 , 0 , 1024 , 1.0968, 0.9146, 0.9346
gcc_results/gcc_2lev_PAG-8-16-0_PAP-8-8-0_128.out, 8 , 65536 , 16 , 0 , 8 , 65536 , 8 , 0 , 128 , 1.0967, 0.9145, 0.9345
gcc_results/gcc_2lev_PAG-8-16-0_PAP-8-8-0_256.out, 8 , 65536 , 16 , 0 , 8 , 65536 , 8 , 0 , 256 , 1.0966, 0.9145, 0.9345
gcc_results/gcc_2lev_PAG-8-16-0_PAP-8-8-0_4096.out, 8 , 65536 , 16 , 0 , 8 , 65536 , 8 , 0 , 4096 , 1.0967, 0.9147, 0.9347
gcc_results/gcc_2lev_PAG-8-16-0_PAP-8-8-0_512.out, 8 , 65536 , 16 , 0 , 8 , 65536 , 8 , 0 , 512 , 1.0966, 0.9145, 0.9345
gcc_results/gcc_2lev_PAG-8-4-0_PAP-16-4-0_1024.out, 8 , 16 , 4 , 0 , 16 , 1048576 , 4 , 0 , 1024 , 1.0985, 0.9182, 0.9406
gcc_results/gcc_2lev_PAG-8-4-0_PAP-16-4-0_128.out, 8 , 16 , 4 , 0 , 16 , 1048576 , 4 , 0 , 128 , 1.0991, 0.9186, 0.9410
gcc_results/gcc_2lev_PAG-8-4-0_PAP-16-4-0_256.out, 8 , 16 , 4 , 0 , 16 , 1048576 , 4 , 0 , 256 , 1.0988, 0.9186, 0.9410
gcc_results/gcc_2lev_PAG-8-4-0_PAP-16-4-0_4096.out, 8 , 16 , 4 , 0 , 16 , 1048576 , 4 , 0 , 4096 , 1.0988, 0.9184, 0.9408
gcc_results/gcc_2lev_PAG-8-4-0_PAP-16-4-0_512.out, 8 , 16 , 4 , 0 , 16 , 1048576 , 4 , 0 , 512 , 1.0986, 0.9185, 0.9408
gcc_results/gcc_2lev_PAG-8-4-0_PAP-16-8-0_1024.out, 8 , 16 , 4 , 0 , 16 , 16777216 , 8 , 0 , 1024 , 1.0970, 0.9153, 0.9359
gcc_results/gcc_2lev_PAG-8-4-0_PAP-16-8-0_128.out, 8 , 16 , 4 , 0 , 16 , 16777216 , 8 , 0 , 128 , 1.0966, 0.9149, 0.9355
gcc_results/gcc_2lev_PAG-8-4-0_PAP-16-8-0_256.out, 8 , 16 , 4 , 0 , 16 , 16777216 , 8 , 0 , 256 , 1.0968, 0.9152, 0.9358
gcc_results/gcc_2lev_PAG-8-4-0_PAP-16-8-0_4096.out, 8 , 16 , 4 , 0 , 16 , 16777216 , 8 , 0 , 4096 , 1.0977, 0.9156, 0.9363
gcc_results/gcc_2lev_PAG-8-4-0_PAP-16-8-0_512.out, 8 , 16 , 4 , 0 , 16 , 16777216 , 8 , 0 , 512 , 1.0968, 0.9153, 0.9359
gcc_results/gcc_2lev_PAG-8-4-0_PAP-4-16-0_1024.out, 8 , 16 , 4 , 0 , 4 , 1048576 , 16 , 0 , 1024 , 1.0834, 0.9024, 0.9224
gcc_results/gcc_2lev_PAG-8-4-0_PAP-4-16-0_128.out, 8 , 16 , 4 , 0 , 4 , 1048576 , 16 , 0 , 128 , 1.0810, 0.9009, 0.9208
gcc_results/gcc_2lev_PAG-8-4-0_PAP-4-16-0_256.out, 8 , 16 , 4 , 0 , 4 , 1048576 , 16 , 0 , 256 , 1.0818, 0.9018, 0.9218
gcc_results/gcc_2lev_PAG-8-4-0_PAP-4-16-0_4096.out, 8 , 16 , 4 , 0 , 4 , 1048576 , 16 , 0 , 4096 , 1.0844, 0.9029, 0.9229
gcc_results/gcc_2lev_PAG-8-4-0_PAP-4-16-0_512.out, 8 , 16 , 4 , 0 , 4 , 1048576 , 16 , 0 , 512 , 1.0828, 0.9021, 0.9221
gcc_results/gcc_2lev_PAG-8-4-0_PAP-4-4-0_1024.out, 8 , 16 , 4 , 0 , 4 , 256 , 4 , 0 , 1024 , 1.0479, 0.8701, 0.8932
gcc_results/gcc_2lev_PAG-8-4-0_PAP-4-4-0_128.out, 8 , 16 , 4 , 0 , 4 , 256 , 4 , 0 , 128 , 1.0377, 0.8642, 0.8872
gcc_results/gcc_2lev_PAG-8-4-0_PAP-4-4-0_256.out, 8 , 16 , 4 , 0 , 4 , 256 , 4 , 0 , 256 , 1.0434, 0.8667, 0.8899
gcc_results/gcc_2lev_PAG-8-4-0_PAP-4-4-0_4096.out, 8 , 16 , 4 , 0 , 4 , 256 , 4 , 0 , 4096 , 1.0487, 0.8705, 0.8936
gcc_results/gcc_2lev_PAG-8-4-0_PAP-4-4-0_512.out, 8 , 16 , 4 , 0 , 4 , 256 , 4 , 0 , 512 , 1.0460, 0.8687, 0.8918
gcc_results/gcc_2lev_PAG-8-4-0_PAP-4-8-0_1024.out, 8 , 16 , 4 , 0 , 4 , 4096 , 8 , 0 , 1024 , 1.0697, 0.8905, 0.9125
gcc_results/gcc_2lev_PAG-8-4-0_PAP-4-8-0_128.out, 8 , 16 , 4 , 0 , 4 , 4096 , 8 , 0 , 128 , 1.0676, 0.8895, 0.9115
gcc_results/gcc_2lev_PAG-8-4-0_PAP-4-8-0_256.out, 8 , 16 , 4 , 0 , 4 , 4096 , 8 , 0 , 256 , 1.0682, 0.8900, 0.9121
gcc_results/gcc_2lev_PAG-8-4-0_PAP-4-8-0_4096.out, 8 , 16 , 4 , 0 , 4 , 4096 , 8 , 0 , 4096 , 1.0700, 0.8910, 0.9130
gcc_results/gcc_2lev_PAG-8-4-0_PAP-4-8-0_512.out, 8 , 16 , 4 , 0 , 4 , 4096 , 8 , 0 , 512 , 1.0691, 0.8902, 0.9122
gcc_results/gcc_2lev_PAG-8-4-0_PAP-8-16-0_1024.out, 8 , 16 , 4 , 0 , 8 , 16777216 , 16 , 0 , 1024 , 1.0845, 0.9041, 0.9237
gcc_results/gcc_2lev_PAG-8-4-0_PAP-8-16-0_128.out, 8 , 16 , 4 , 0 , 8 , 16777216 , 16 , 0 , 128 , 1.0815, 0.9023, 0.9218
gcc_results/gcc_2lev_PAG-8-4-0_PAP-8-16-0_256.out, 8 , 16 , 4 , 0 , 8 , 16777216 , 16 , 0 , 256 , 1.0827, 0.9033, 0.9230
gcc_results/gcc_2lev_PAG-8-4-0_PAP-8-16-0_4096.out, 8 , 16 , 4 , 0 , 8 , 16777216 , 16 , 0 , 4096 , 1.0853, 0.9044, 0.9240
gcc_results/gcc_2lev_PAG-8-4-0_PAP-8-16-0_512.out, 8 , 16 , 4 , 0 , 8 , 16777216 , 16 , 0 , 512 , 1.0838, 0.9038, 0.9235
gcc_results/gcc_2lev_PAG-8-4-0_PAP-8-4-0_1024.out, 8 , 16 , 4 , 0 , 8 , 4096 , 4 , 0 , 1024 , 1.0915, 0.9112, 0.9335
gcc_results/gcc_2lev_PAG-8-4-0_PAP-8-4-0_128.out, 8 , 16 , 4 , 0 , 8 , 4096 , 4 , 0 , 128 , 1.0896, 0.9105, 0.9328
gcc_results/gcc_2lev_PAG-8-4-0_PAP-8-4-0_256.out, 8 , 16 , 4 , 0 , 8 , 4096 , 4 , 0 , 256 , 1.0907, 0.9109, 0.9332
gcc_results/gcc_2lev_PAG-8-4-0_PAP-8-4-0_4096.out, 8 , 16 , 4 , 0 , 8 , 4096 , 4 , 0 , 4096 , 1.0926, 0.9118, 0.9341
gcc_results/gcc_2lev_PAG-8-4-0_PAP-8-4-0_512.out, 8 , 16 , 4 , 0 , 8 , 4096 , 4 , 0 , 512 , 1.0914, 0.9112, 0.9335
gcc_results/gcc_2lev_PAG-8-4-0_PAP-8-8-0_1024.out, 8 , 16 , 4 , 0 , 8 , 65536 , 8 , 0 , 1024 , 1.0924, 0.9113, 0.9326
gcc_results/gcc_2lev_PAG-8-4-0_PAP-8-8-0_128.out, 8 , 16 , 4 , 0 , 8 , 65536 , 8 , 0 , 128 , 1.0912, 0.9104, 0.9317
gcc_results/gcc_2lev_PAG-8-4-0_PAP-8-8-0_256.out, 8 , 16 , 4 , 0 , 8 , 65536 , 8 , 0 , 256 , 1.0917, 0.9108, 0.9321
gcc_results/gcc_2lev_PAG-8-4-0_PAP-8-8-0_4096.out, 8 , 16 , 4 , 0 , 8 , 65536 , 8 , 0 , 4096 , 1.0927, 0.9114, 0.9327
gcc_results/gcc_2lev_PAG-8-4-0_PAP-8-8-0_512.out, 8 , 16 , 4 , 0 , 8 , 65536 , 8 , 0 , 512 , 1.0922, 0.9112, 0.9325
gcc_results/gcc_2lev_PAG-8-8-0_PAP-16-4-0_1024.out, 8 , 256 , 8 , 0 , 16 , 1048576 , 4 , 0 , 1024 , 1.1025, 0.9209, 0.9424
gcc_results/gcc_2lev_PAG-8-8-0_PAP-16-4-0_128.out, 8 , 256 , 8 , 0 , 16 , 1048576 , 4 , 0 , 128 , 1.1034, 0.9214, 0.9427
gcc_results/gcc_2lev_PAG-8-8-0_PAP-16-4-0_256.out, 8 , 256 , 8 , 0 , 16 , 1048576 , 4 , 0 , 256 , 1.1030, 0.9210, 0.9425
gcc_results/gcc_2lev_PAG-8-8-0_PAP-16-4-0_4096.out, 8 , 256 , 8 , 0 , 16 , 1048576 , 4 , 0 , 4096 , 1.1026, 0.9207, 0.9422
gcc_results/gcc_2lev_PAG-8-8-0_PAP-16-4-0_512.out, 8 , 256 , 8 , 0 , 16 , 1048576 , 4 , 0 , 512 , 1.1026, 0.9209, 0.9424
gcc_results/gcc_2lev_PAG-8-8-0_PAP-16-8-0_1024.out, 8 , 256 , 8 , 0 , 16 , 16777216 , 8 , 0 , 1024 , 1.0988, 0.9161, 0.9367
gcc_results/gcc_2lev_PAG-8-8-0_PAP-16-8-0_128.out, 8 , 256 , 8 , 0 , 16 , 16777216 , 8 , 0 , 128 , 1.0983, 0.9159, 0.9365
gcc_results/gcc_2lev_PAG-8-8-0_PAP-16-8-0_256.out, 8 , 256 , 8 , 0 , 16 , 16777216 , 8 , 0 , 256 , 1.0988, 0.9160, 0.9366
gcc_results/gcc_2lev_PAG-8-8-0_PAP-16-8-0_4096.out, 8 , 256 , 8 , 0 , 16 , 16777216 , 8 , 0 , 4096 , 1.0991, 0.9163, 0.9369
gcc_results/gcc_2lev_PAG-8-8-0_PAP-16-8-0_512.out, 8 , 256 , 8 , 0 , 16 , 16777216 , 8 , 0 , 512 , 1.0984, 0.9160, 0.9366
gcc_results/gcc_2lev_PAG-8-8-0_PAP-4-16-0_1024.out, 8 , 256 , 8 , 0 , 4 , 1048576 , 16 , 0 , 1024 , 1.0892, 0.9060, 0.9258
gcc_results/gcc_2lev_PAG-8-8-0_PAP-4-16-0_128.out, 8 , 256 , 8 , 0 , 4 , 1048576 , 16 , 0 , 128 , 1.0866, 0.9041, 0.9240
gcc_results/gcc_2lev_PAG-8-8-0_PAP-4-16-0_256.out, 8 , 256 , 8 , 0 , 4 , 1048576 , 16 , 0 , 256 , 1.0875, 0.9051, 0.9250
gcc_results/gcc_2lev_PAG-8-8-0_PAP-4-16-0_4096.out, 8 , 256 , 8 , 0 , 4 , 1048576 , 16 , 0 , 4096 , 1.0896, 0.9066, 0.9263
gcc_results/gcc_2lev_PAG-8-8-0_PAP-4-16-0_512.out, 8 , 256 , 8 , 0 , 4 , 1048576 , 16 , 0 , 512 , 1.0887, 0.9056, 0.9253
gcc_results/gcc_2lev_PAG-8-8-0_PAP-4-4-0_1024.out, 8 , 256 , 8 , 0 , 4 , 256 , 4 , 0 , 1024 , 1.0574, 0.8801, 0.9027
gcc_results/gcc_2lev_PAG-8-8-0_PAP-4-4-0_128.out, 8 , 256 , 8 , 0 , 4 , 256 , 4 , 0 , 128 , 1.0518, 0.8751, 0.8976
gcc_results/gcc_2lev_PAG-8-8-0_PAP-4-4-0_256.out, 8 , 256 , 8 , 0 , 4 , 256 , 4 , 0 , 256 , 1.0547, 0.8776, 0.9001
gcc_results/gcc_2lev_PAG-8-8-0_PAP-4-4-0_4096.out, 8 , 256 , 8 , 0 , 4 , 256 , 4 , 0 , 4096 , 1.0587, 0.8811, 0.9037
gcc_results/gcc_2lev_PAG-8-8-0_PAP-4-4-0_512.out, 8 , 256 , 8 , 0 , 4 , 256 , 4 , 0 , 512 , 1.0571, 0.8793, 0.9019
gcc_results/gcc_2lev_PAG-8-8-0_PAP-4-8-0_1024.out, 8 , 256 , 8 , 0 , 4 , 4096 , 8 , 0 , 1024 , 1.0744, 0.8937, 0.9154
gcc_results/gcc_2lev_PAG-8-8-0_PAP-4-8-0_128.out, 8 , 256 , 8 , 0 , 4 , 4096 , 8 , 0 , 128 , 1.0720, 0.8925, 0.9142
gcc_results/gcc_2lev_PAG-8-8-0_PAP-4-8-0_256.out, 8 , 256 , 8 , 0 , 4 , 4096 , 8 , 0 , 256 , 1.0725, 0.8928, 0.9146
gcc_results/gcc_2lev_PAG-8-8-0_PAP-4-8-0_4096.out, 8 , 256 , 8 , 0 , 4 , 4096 , 8 , 0 , 4096 , 1.0752, 0.8944, 0.9161
gcc_results/gcc_2lev_PAG-8-8-0_PAP-4-8-0_512.out, 8 , 256 , 8 , 0 , 4 , 4096 , 8 , 0 , 512 , 1.0733, 0.8934, 0.9151
gcc_results/gcc_2lev_PAG-8-8-0_PAP-8-16-0_1024.out, 8 , 256 , 8 , 0 , 8 , 16777216 , 16 , 0 , 1024 , 1.0870, 0.9060, 0.9257
gcc_results/gcc_2lev_PAG-8-8-0_PAP-8-16-0_128.out, 8 , 256 , 8 , 0 , 8 , 16777216 , 16 , 0 , 128 , 1.0845, 0.9042, 0.9238
gcc_results/gcc_2lev_PAG-8-8-0_PAP-8-16-0_256.out, 8 , 256 , 8 , 0 , 8 , 16777216 , 16 , 0 , 256 , 1.0856, 0.9053, 0.9251
gcc_results/gcc_2lev_PAG-8-8-0_PAP-8-16-0_4096.out, 8 , 256 , 8 , 0 , 8 , 16777216 , 16 , 0 , 4096 , 1.0876, 0.9064, 0.9260
gcc_results/gcc_2lev_PAG-8-8-0_PAP-8-16-0_512.out, 8 , 256 , 8 , 0 , 8 , 16777216 , 16 , 0 , 512 , 1.0863, 0.9058, 0.9255
gcc_results/gcc_2lev_PAG-8-8-0_PAP-8-4-0_1024.out, 8 , 256 , 8 , 0 , 8 , 4096 , 4 , 0 , 1024 , 1.0953, 0.9135, 0.9350
gcc_results/gcc_2lev_PAG-8-8-0_PAP-8-4-0_128.out, 8 , 256 , 8 , 0 , 8 , 4096 , 4 , 0 , 128 , 1.0935, 0.9125, 0.9340
gcc_results/gcc_2lev_PAG-8-8-0_PAP-8-4-0_256.out, 8 , 256 , 8 , 0 , 8 , 4096 , 4 , 0 , 256 , 1.0943, 0.9127, 0.9342
gcc_results/gcc_2lev_PAG-8-8-0_PAP-8-4-0_4096.out, 8 , 256 , 8 , 0 , 8 , 4096 , 4 , 0 , 4096 , 1.0950, 0.9140, 0.9355
gcc_results/gcc_2lev_PAG-8-8-0_PAP-8-4-0_512.out, 8 , 256 , 8 , 0 , 8 , 4096 , 4 , 0 , 512 , 1.0958, 0.9134, 0.9350
gcc_results/gcc_2lev_PAG-8-8-0_PAP-8-8-0_1024.out, 8 , 256 , 8 , 0 , 8 , 65536 , 8 , 0 , 1024 , 1.0940, 0.9123, 0.9333
gcc_results/gcc_2lev_PAG-8-8-0_PAP-8-8-0_128.out, 8 , 256 , 8 , 0 , 8 , 65536 , 8 , 0 , 128 , 1.0940, 0.9121, 0.9330
gcc_results/gcc_2lev_PAG-8-8-0_PAP-8-8-0_256.out, 8 , 256 , 8 , 0 , 8 , 65536 , 8 , 0 , 256 , 1.0936, 0.9122, 0.9331
gcc_results/gcc_2lev_PAG-8-8-0_PAP-8-8-0_4096.out, 8 , 256 , 8 , 0 , 8 , 65536 , 8 , 0 , 4096 , 1.0939, 0.9124, 0.9333
gcc_results/gcc_2lev_PAG-8-8-0_PAP-8-8-0_512.out, 8 , 256 , 8 , 0 , 8 , 65536 , 8 , 0 , 512 , 1.0942, 0.9123, 0.9333
