ijpeg_results/ijpeg_2lev_PAG-16-16-0_PAP-16-4-0_1024.out, 16 , 65536 , 16 , 0 , 16 , 1048576 , 4 , 0 , 1024 , 2.4928, 0.9988, 0.9993
ijpeg_results/ijpeg_2lev_PAG-16-16-0_PAP-16-4-0_128.out, 16 , 65536 , 16 , 0 , 16 , 1048576 , 4 , 0 , 128 , 2.4929, 0.9988, 0.9993
ijpeg_results/ijpeg_2lev_PAG-16-16-0_PAP-16-4-0_256.out, 16 , 65536 , 16 , 0 , 16 , 1048576 , 4 , 0 , 256 , 2.4929, 0.9988, 0.9993
ijpeg_results/ijpeg_2lev_PAG-16-16-0_PAP-16-4-0_4096.out, 16 , 65536 , 16 , 0 , 16 , 1048576 , 4 , 0 , 4096 , 2.4929, 0.9988, 0.9993
ijpeg_results/ijpeg_2lev_PAG-16-16-0_PAP-16-4-0_512.out, 16 , 65536 , 16 , 0 , 16 , 1048576 , 4 , 0 , 512 , 2.4928, 0.9988, 0.9993
ijpeg_results/ijpeg_2lev_PAG-16-16-0_PAP-16-8-0_1024.out, 16 , 65536 , 16 , 0 , 16 , 16777216 , 8 , 0 , 1024 , 2.4923, 0.9987, 0.9993
ijpeg_results/ijpeg_2lev_PAG-16-16-0_PAP-16-8-0_128.out, 16 , 65536 , 16 , 0 , 16 , 16777216 , 8 , 0 , 128 , 2.4923, 0.9987, 0.9992
ijpeg_results/ijpeg_2lev_PAG-16-16-0_PAP-16-8-0_256.out, 16 , 65536 , 16 , 0 , 16 , 16777216 , 8 , 0 , 256 , 2.4923, 0.9987, 0.9992
ijpeg_results/ijpeg_2lev_PAG-16-16-0_PAP-16-8-0_4096.out, 16 , 65536 , 16 , 0 , 16 , 16777216 , 8 , 0 , 4096 , 2.4923, 0.9987, 0.9993
ijpeg_results/ijpeg_2lev_PAG-16-16-0_PAP-16-8-0_512.out, 16 , 65536 , 16 , 0 , 16 , 16777216 , 8 , 0 , 512 , 2.4923, 0.9987, 0.9993
ijpeg_results/ijpeg_2lev_PAG-16-16-0_PAP-4-16-0_1024.out, 16 , 65536 , 16 , 0 , 4 , 1048576 , 16 , 0 , 1024 , 2.4913, 0.9985, 0.9990
ijpeg_results/ijpeg_2lev_PAG-16-16-0_PAP-4-16-0_128.out, 16 , 65536 , 16 , 0 , 4 , 1048576 , 16 , 0 , 128 , 2.4913, 0.9985, 0.9990
ijpeg_results/ijpeg_2lev_PAG-16-16-0_PAP-4-16-0_256.out, 16 , 65536 , 16 , 0 , 4 , 1048576 , 16 , 0 , 256 , 2.4914, 0.9985, 0.9990
ijpeg_results/ijpeg_2lev_PAG-16-16-0_PAP-4-16-0_4096.out, 16 , 65536 , 16 , 0 , 4 , 1048576 , 16 , 0 , 4096 , 2.4913, 0.9985, 0.9990
ijpeg_results/ijpeg_2lev_PAG-16-16-0_PAP-4-16-0_512.out, 16 , 65536 , 16 , 0 , 4 , 1048576 , 16 , 0 , 512 , 2.4913, 0.9985, 0.9990
ijpeg_results/ijpeg_2lev_PAG-16-16-0_PAP-4-4-0_1024.out, 16 , 65536 , 16 , 0 , 4 , 256 , 4 , 0 , 1024 , 2.4913, 0.9985, 0.9990
ijpeg_results/ijpeg_2lev_PAG-16-16-0_PAP-4-4-0_128.out, 16 , 65536 , 16 , 0 , 4 , 256 , 4 , 0 , 128 , 2.4910, 0.9984, 0.9990
ijpeg_results/ijpeg_2lev_PAG-16-16-0_PAP-4-4-0_256.out, 16 , 65536 , 16 , 0 , 4 , 256 , 4 , 0 , 256 , 2.4911, 0.9985, 0.9990
ijpeg_results/ijpeg_2lev_PAG-16-16-0_PAP-4-4-0_4096.out, 16 , 65536 , 16 , 0 , 4 , 256 , 4 , 0 , 4096 , 2.4913, 0.9985, 0.9990
ijpeg_results/ijpeg_2lev_PAG-16-16-0_PAP-4-4-0_512.out, 16 , 65536 , 16 , 0 , 4 , 256 , 4 , 0 , 512 , 2.4912, 0.9985, 0.9990
ijpeg_results/ijpeg_2lev_PAG-16-16-0_PAP-4-8-0_1024.out, 16 , 65536 , 16 , 0 , 4 , 4096 , 8 , 0 , 1024 , 2.4910, 0.9985, 0.9991
ijpeg_results/ijpeg_2lev_PAG-16-16-0_PAP-4-8-0_128.out, 16 , 65536 , 16 , 0 , 4 , 4096 , 8 , 0 , 128 , 2.4914, 0.9985, 0.9990
ijpeg_results/ijpeg_2lev_PAG-16-16-0_PAP-4-8-0_256.out, 16 , 65536 , 16 , 0 , 4 , 4096 , 8 , 0 , 256 , 2.4915, 0.9985, 0.9990
ijpeg_results/ijpeg_2lev_PAG-16-16-0_PAP-4-8-0_4096.out, 16 , 65536 , 16 , 0 , 4 , 4096 , 8 , 0 , 4096 , 2.4910, 0.9985, 0.9991
ijpeg_results/ijpeg_2lev_PAG-16-16-0_PAP-4-8-0_512.out, 16 , 65536 , 16 , 0 , 4 , 4096 , 8 , 0 , 512 , 2.4910, 0.9985, 0.9991
ijpeg_results/ijpeg_2lev_PAG-16-16-0_PAP-8-16-0_1024.out, 16 , 65536 , 16 , 0 , 8 , 16777216 , 16 , 0 , 1024 , 2.4921, 0.9986, 0.9992
ijpeg_results/ijpeg_2lev_PAG-16-16-0_PAP-8-16-0_128.out, 16 , 65536 , 16 , 0 , 8 , 16777216 , 16 , 0 , 128 , 2.4919, 0.9986, 0.9992
ijpeg_results/ijpeg_2lev_PAG-16-16-0_PAP-8-16-0_256.out, 16 , 65536 , 16 , 0 , 8 , 16777216 , 16 , 0 , 256 , 2.4921, 0.9986, 0.9992
ijpeg_results/ijpeg_2lev_PAG-16-16-0_PAP-8-16-0_4096.out, 16 , 65536 , 16 , 0 , 8 , 16777216 , 16 , 0 , 4096 , 2.4921, 0.9987, 0.9992
ijpeg_results/ijpeg_2lev_PAG-16-16-0_PAP-8-16-0_512.out, 16 , 65536 , 16 , 0 , 8 , 16777216 , 16 , 0 , 512 , 2.4921, 0.9986, 0.9992
ijpeg_results/ijpeg_2lev_PAG-16-16-0_PAP-8-4-0_1024.out, 16 , 65536 , 16 , 0 , 8 , 4096 , 4 , 0 , 1024 , 2.4926, 0.9988, 0.9993
ijpeg_results/ijpeg_2lev_PAG-16-16-0_PAP-8-4-0_128.out, 16 , 65536 , 16 , 0 , 8 , 4096 , 4 , 0 , 128 , 2.4923, 0.9987, 0.9992
ijpeg_results/ijpeg_2lev_PAG-16-16-0_PAP-8-4-0_256.out, 16 , 65536 , 16 , 0 , 8 , 4096 , 4 , 0 , 256 , 2.4925, 0.9987, 0.9993
ijpeg_results/ijpeg_2lev_PAG-16-16-0_PAP-8-4-0_4096.out, 16 , 65536 , 16 , 0 , 8 , 4096 , 4 , 0 , 4096 , 2.4927, 0.9988, 0.9993
ijpeg_results/ijpeg_2lev_PAG-16-16-0_PAP-8-4-0_512.out, 16 , 65536 , 16 , 0 , 8 , 4096 , 4 , 0 , 512 , 2.4926, 0.9988, 0.9993
ijpeg_results/ijpeg_2lev_PAG-16-16-0_PAP-8-8-0_1024.out, 16 , 65536 , 16 , 0 , 8 , 65536 , 8 , 0 , 1024 , 2.4923, 0.9987, 0.9992
ijpeg_results/ijpeg_2lev_PAG-16-16-0_PAP-8-8-0_128.out, 16 , 65536 , 16 , 0 , 8 , 65536 , 8 , 0 , 128 , 2.4921, 0.9987, 0.9992
ijpeg_results/ijpeg_2lev_PAG-16-16-0_PAP-8-8-0_256.out, 16 , 65536 , 16 , 0 , 8 , 65536 , 8 , 0 , 256 , 2.4923, 0.9987, 0.9992
ijpeg_results/ijpeg_2lev_PAG-16-16-0_PAP-8-8-0_4096.out, 16 , 65536 , 16 , 0 , 8 , 65536 , 8 , 0 , 4096 , 2.4923, 0.9987, 0.9992
ijpeg_results/ijpeg_2lev_PAG-16-16-0_PAP-8-8-0_512.out, 16 , 65536 , 16 , 0 , 8 , 65536 , 8 , 0 , 512 , 2.4923, 0.9987, 0.9992
ijpeg_results/ijpeg_2lev_PAG-16-4-0_PAP-16-4-0_1024.out, 16 , 16 , 4 , 0 , 16 , 1048576 , 4 , 0 , 1024 , 2.4926, 0.9988, 0.9993
ijpeg_results/ijpeg_2lev_PAG-16-4-0_PAP-16-4-0_128.out, 16 , 16 , 4 , 0 , 16 , 1048576 , 4 , 0 , 128 , 2.4927, 0.9988, 0.9993
ijpeg_results/ijpeg_2lev_PAG-16-4-0_PAP-16-4-0_256.out, 16 , 16 , 4 , 0 , 16 , 1048576 , 4 , 0 , 256 , 2.4927, 0.9988, 0.9993
ijpeg_results/ijpeg_2lev_PAG-16-4-0_PAP-16-4-0_4096.out, 16 , 16 , 4 , 0 , 16 , 1048576 , 4 , 0 , 4096 , 2.4927, 0.9988, 0.9993
ijpeg_results/ijpeg_2lev_PAG-16-4-0_PAP-16-4-0_512.out, 16 , 16 , 4 , 0 , 16 , 1048576 , 4 , 0 , 512 , 2.4926, 0.9988, 0.9993
ijpeg_results/ijpeg_2lev_PAG-16-4-0_PAP-16-8-0_1024.out, 16 , 16 , 4 , 0 , 16 , 16777216 , 8 , 0 , 1024 , 2.4925, 0.9987, 0.9993
ijpeg_results/ijpeg_2lev_PAG-16-4-0_PAP-16-8-0_128.out, 16 , 16 , 4 , 0 , 16 , 16777216 , 8 , 0 , 128 , 2.4924, 0.9987, 0.9993
ijpeg_results/ijpeg_2lev_PAG-16-4-0_PAP-16-8-0_256.out, 16 , 16 , 4 , 0 , 16 , 16777216 , 8 , 0 , 256 , 2.4924, 0.9987, 0.9993
ijpeg_results/ijpeg_2lev_PAG-16-4-0_PAP-16-8-0_4096.out, 16 , 16 , 4 , 0 , 16 , 16777216 , 8 , 0 , 4096 , 2.4926, 0.9987, 0.9993
ijpeg_results/ijpeg_2lev_PAG-16-4-0_PAP-16-8-0_512.out, 16 , 16 , 4 , 0 , 16 , 16777216 , 8 , 0 , 512 , 2.4924, 0.9987, 0.9993
ijpeg_results/ijpeg_2lev_PAG-16-4-0_PAP-4-16-0_1024.out, 16 , 16 , 4 , 0 , 4 , 1048576 , 16 , 0 , 1024 , 2.4927, 0.9986, 0.9992
ijpeg_results/ijpeg_2lev_PAG-16-4-0_PAP-4-16-0_128.out, 16 , 16 , 4 , 0 , 4 , 1048576 , 16 , 0 , 128 , 2.4921, 0.9985, 0.9990
ijpeg_results/ijpeg_2lev_PAG-16-4-0_PAP-4-16-0_256.out, 16 , 16 , 4 , 0 , 4 , 1048576 , 16 , 0 , 256 , 2.4927, 0.9986, 0.9992
ijpeg_results/ijpeg_2lev_PAG-16-4-0_PAP-4-16-0_4096.out, 16 , 16 , 4 , 0 , 4 , 1048576 , 16 , 0 , 4096 , 2.4926, 0.9986, 0.9992
ijpeg_results/ijpeg_2lev_PAG-16-4-0_PAP-4-16-0_512.out, 16 , 16 , 4 , 0 , 4 , 1048576 , 16 , 0 , 512 , 2.4927, 0.9986, 0.9992
ijpeg_results/ijpeg_2lev_PAG-16-4-0_PAP-4-4-0_1024.out, 16 , 16 , 4 , 0 , 4 , 256 , 4 , 0 , 1024 , 2.4909, 0.9984, 0.9990
ijpeg_results/ijpeg_2lev_PAG-16-4-0_PAP-4-4-0_128.out, 16 , 16 , 4 , 0 , 4 , 256 , 4 , 0 , 128 , 2.4915, 0.9985, 0.9991
ijpeg_results/ijpeg_2lev_PAG-16-4-0_PAP-4-4-0_256.out, 16 , 16 , 4 , 0 , 4 , 256 , 4 , 0 , 256 , 2.4912, 0.9984, 0.9990
ijpeg_results/ijpeg_2lev_PAG-16-4-0_PAP-4-4-0_4096.out, 16 , 16 , 4 , 0 , 4 , 256 , 4 , 0 , 4096 , 2.4908, 0.9984, 0.9990
ijpeg_results/ijpeg_2lev_PAG-16-4-0_PAP-4-4-0_512.out, 16 , 16 , 4 , 0 , 4 , 256 , 4 , 0 , 512 , 2.4909, 0.9984, 0.9990
ijpeg_results/ijpeg_2lev_PAG-16-4-0_PAP-4-8-0_1024.out, 16 , 16 , 4 , 0 , 4 , 4096 , 8 , 0 , 1024 , 2.4922, 0.9986, 0.9992
ijpeg_results/ijpeg_2lev_PAG-16-4-0_PAP-4-8-0_128.out, 16 , 16 , 4 , 0 , 4 , 4096 , 8 , 0 , 128 , 2.4912, 0.9985, 0.9991
ijpeg_results/ijpeg_2lev_PAG-16-4-0_PAP-4-8-0_256.out, 16 , 16 , 4 , 0 , 4 , 4096 , 8 , 0 , 256 , 2.4923, 0.9986, 0.9992
ijpeg_results/ijpeg_2lev_PAG-16-4-0_PAP-4-8-0_4096.out, 16 , 16 , 4 , 0 , 4 , 4096 , 8 , 0 , 4096 , 2.4922, 0.9986, 0.9992
ijpeg_results/ijpeg_2lev_PAG-16-4-0_PAP-4-8-0_512.out, 16 , 16 , 4 , 0 , 4 , 4096 , 8 , 0 , 512 , 2.4923, 0.9986, 0.9992
ijpeg_results/ijpeg_2lev_PAG-16-4-0_PAP-8-16-0_1024.out, 16 , 16 , 4 , 0 , 8 , 16777216 , 16 , 0 , 1024 , 2.4928, 0.9987, 0.9992
ijpeg_results/ijpeg_2lev_PAG-16-4-0_PAP-8-16-0_128.out, 16 , 16 , 4 , 0 , 8 , 16777216 , 16 , 0 , 128 , 2.4925, 0.9987, 0.9992
ijpeg_results/ijpeg_2lev_PAG-16-4-0_PAP-8-16-0_256.out, 16 , 16 , 4 , 0 , 8 , 16777216 , 16 , 0 , 256 , 2.4928, 0.9987, 0.9993
ijpeg_results/ijpeg_2lev_PAG-16-4-0_PAP-8-16-0_4096.out, 16 , 16 , 4 , 0 , 8 , 16777216 , 16 , 0 , 4096 , 2.4929, 0.9987, 0.9992
ijpeg_results/ijpeg_2lev_PAG-16-4-0_PAP-8-16-0_512.out, 16 , 16 , 4 , 0 , 8 , 16777216 , 16 , 0 , 512 , 2.4928, 0.9987, 0.9992
ijpeg_results/ijpeg_2lev_PAG-16-4-0_PAP-8-4-0_1024.out, 16 , 16 , 4 , 0 , 8 , 4096 , 4 , 0 , 1024 , 2.4927, 0.9987, 0.9993
ijpeg_results/ijpeg_2lev_PAG-16-4-0_PAP-8-4-0_128.out, 16 , 16 , 4 , 0 , 8 , 4096 , 4 , 0 , 128 , 2.4927, 0.9987, 0.9993
ijpeg_results/ijpeg_2lev_PAG-16-4-0_PAP-8-4-0_256.out, 16 , 16 , 4 , 0 , 8 , 4096 , 4 , 0 , 256 , 2.4927, 0.9987, 0.9993
ijpeg_results/ijpeg_2lev_PAG-16-4-0_PAP-8-4-0_4096.out, 16 , 16 , 4 , 0 , 8 , 4096 , 4 , 0 , 4096 , 2.4927, 0.9987, 0.9993
ijpeg_results/ijpeg_2lev_PAG-16-4-0_PAP-8-4-0_512.out, 16 , 16 , 4 , 0 , 8 , 4096 , 4 , 0 , 512 , 2.4927, 0.9987, 0.9993
ijpeg_results/ijpeg_2lev_PAG-16-4-0_PAP-8-8-0_1024.out, 16 , 16 , 4 , 0 , 8 , 65536 , 8 , 0 , 1024 , 2.4927, 0.9987, 0.9992
ijpeg_results/ijpeg_2lev_PAG-16-4-0_PAP-8-8-0_128.out, 16 , 16 , 4 , 0 , 8 , 65536 , 8 , 0 , 128 , 2.4924, 0.9987, 0.9992
ijpeg_results/ijpeg_2lev_PAG-16-4-0_PAP-8-8-0_256.out, 16 , 16 , 4 , 0 , 8 , 65536 , 8 , 0 , 256 , 2.4927, 0.9987, 0.9993
ijpeg_results/ijpeg_2lev_PAG-16-4-0_PAP-8-8-0_4096.out, 16 , 16 , 4 , 0 , 8 , 65536 , 8 , 0 , 4096 , 2.4927, 0.9987, 0.9992
ijpeg_results/ijpeg_2lev_PAG-16-4-0_PAP-8-8-0_512.out, 16 , 16 , 4 , 0 , 8 , 65536 , 8 , 0 , 512 , 2.4927, 0.9987, 0.9992
ijpeg_results/ijpeg_2lev_PAG-16-8-0_PAP-16-4-0_1024.out, 16 , 256 , 8 , 0 , 16 , 1048576 , 4 , 0 , 1024 , 2.4928, 0.9987, 0.9993
ijpeg_results/ijpeg_2lev_PAG-16-8-0_PAP-16-4-0_128.out, 16 , 256 , 8 , 0 , 16 , 1048576 , 4 , 0 , 128 , 2.4928, 0.9987, 0.9993
ijpeg_results/ijpeg_2lev_PAG-16-8-0_PAP-16-4-0_256.out, 16 , 256 , 8 , 0 , 16 , 1048576 , 4 , 0 , 256 , 2.4929, 0.9987, 0.9993
ijpeg_results/ijpeg_2lev_PAG-16-8-0_PAP-16-4-0_4096.out, 16 , 256 , 8 , 0 , 16 , 1048576 , 4 , 0 , 4096 , 2.4928, 0.9987, 0.9993
ijpeg_results/ijpeg_2lev_PAG-16-8-0_PAP-16-4-0_512.out, 16 , 256 , 8 , 0 , 16 , 1048576 , 4 , 0 , 512 , 2.4928, 0.9987, 0.9993
ijpeg_results/ijpeg_2lev_PAG-16-8-0_PAP-16-8-0_1024.out, 16 , 256 , 8 , 0 , 16 , 16777216 , 8 , 0 , 1024 , 2.4924, 0.9987, 0.9992
ijpeg_results/ijpeg_2lev_PAG-16-8-0_PAP-16-8-0_128.out, 16 , 256 , 8 , 0 , 16 , 16777216 , 8 , 0 , 128 , 2.4924, 0.9987, 0.9992
ijpeg_results/ijpeg_2lev_PAG-16-8-0_PAP-16-8-0_256.out, 16 , 256 , 8 , 0 , 16 , 16777216 , 8 , 0 , 256 , 2.4924, 0.9987, 0.9992
ijpeg_results/ijpeg_2lev_PAG-16-8-0_PAP-16-8-0_4096.out, 16 , 256 , 8 , 0 , 16 , 16777216 , 8 , 0 , 4096 , 2.4924, 0.9987, 0.9992
ijpeg_results/ijpeg_2lev_PAG-16-8-0_PAP-16-8-0_512.out, 16 , 256 , 8 , 0 , 16 , 16777216 , 8 , 0 , 512 , 2.4924, 0.9987, 0.9992
ijpeg_results/ijpeg_2lev_PAG-16-8-0_PAP-4-16-0_1024.out, 16 , 256 , 8 , 0 , 4 , 1048576 , 16 , 0 , 1024 , 2.4922, 0.9986, 0.9992
ijpeg_results/ijpeg_2lev_PAG-16-8-0_PAP-4-16-0_128.out, 16 , 256 , 8 , 0 , 4 , 1048576 , 16 , 0 , 128 , 2.4924, 0.9986, 0.9991
ijpeg_results/ijpeg_2lev_PAG-16-8-0_PAP-4-16-0_256.out, 16 , 256 , 8 , 0 , 4 , 1048576 , 16 , 0 , 256 , 2.4922, 0.9986, 0.9991
ijpeg_results/ijpeg_2lev_PAG-16-8-0_PAP-4-16-0_4096.out, 16 , 256 , 8 , 0 , 4 , 1048576 , 16 , 0 , 4096 , 2.4922, 0.9986, 0.9992
ijpeg_results/ijpeg_2lev_PAG-16-8-0_PAP-4-16-0_512.out, 16 , 256 , 8 , 0 , 4 , 1048576 , 16 , 0 , 512 , 2.4922, 0.9986, 0.9992
ijpeg_results/ijpeg_2lev_PAG-16-8-0_PAP-4-4-0_1024.out, 16 , 256 , 8 , 0 , 4 , 256 , 4 , 0 , 1024 , 2.4913, 0.9985, 0.9990
ijpeg_results/ijpeg_2lev_PAG-16-8-0_PAP-4-4-0_128.out, 16 , 256 , 8 , 0 , 4 , 256 , 4 , 0 , 128 , 2.4908, 0.9984, 0.9990
ijpeg_results/ijpeg_2lev_PAG-16-8-0_PAP-4-4-0_256.out, 16 , 256 , 8 , 0 , 4 , 256 , 4 , 0 , 256 , 2.4913, 0.9985, 0.9990
ijpeg_results/ijpeg_2lev_PAG-16-8-0_PAP-4-4-0_4096.out, 16 , 256 , 8 , 0 , 4 , 256 , 4 , 0 , 4096 , 2.4913, 0.9985, 0.9990
ijpeg_results/ijpeg_2lev_PAG-16-8-0_PAP-4-4-0_512.out, 16 , 256 , 8 , 0 , 4 , 256 , 4 , 0 , 512 , 2.4913, 0.9985, 0.9990
ijpeg_results/ijpeg_2lev_PAG-16-8-0_PAP-4-8-0_1024.out, 16 , 256 , 8 , 0 , 4 , 4096 , 8 , 0 , 1024 , 2.4921, 0.9986, 0.9992
ijpeg_results/ijpeg_2lev_PAG-16-8-0_PAP-4-8-0_128.out, 16 , 256 , 8 , 0 , 4 , 4096 , 8 , 0 , 128 , 2.4908, 0.9985, 0.9990
ijpeg_results/ijpeg_2lev_PAG-16-8-0_PAP-4-8-0_256.out, 16 , 256 , 8 , 0 , 4 , 4096 , 8 , 0 , 256 , 2.4909, 0.9985, 0.9990
ijpeg_results/ijpeg_2lev_PAG-16-8-0_PAP-4-8-0_4096.out, 16 , 256 , 8 , 0 , 4 , 4096 , 8 , 0 , 4096 , 2.4921, 0.9986, 0.9992
ijpeg_results/ijpeg_2lev_PAG-16-8-0_PAP-4-8-0_512.out, 16 , 256 , 8 , 0 , 4 , 4096 , 8 , 0 , 512 , 2.4921, 0.9986, 0.9992
ijpeg_results/ijpeg_2lev_PAG-16-8-0_PAP-8-16-0_1024.out, 16 , 256 , 8 , 0 , 8 , 16777216 , 16 , 0 , 1024 , 2.4924, 0.9987, 0.9992
ijpeg_results/ijpeg_2lev_PAG-16-8-0_PAP-8-16-0_128.out, 16 , 256 , 8 , 0 , 8 , 16777216 , 16 , 0 , 128 , 2.4921, 0.9986, 0.9992
ijpeg_results/ijpeg_2lev_PAG-16-8-0_PAP-8-16-0_256.out, 16 , 256 , 8 , 0 , 8 , 16777216 , 16 , 0 , 256 , 2.4923, 0.9986, 0.9992
ijpeg_results/ijpeg_2lev_PAG-16-8-0_PAP-8-16-0_4096.out, 16 , 256 , 8 , 0 , 8 , 16777216 , 16 , 0 , 4096 , 2.4924, 0.9987, 0.9992
ijpeg_results/ijpeg_2lev_PAG-16-8-0_PAP-8-16-0_512.out, 16 , 256 , 8 , 0 , 8 , 16777216 , 16 , 0 , 512 , 2.4924, 0.9987, 0.9992
ijpeg_results/ijpeg_2lev_PAG-16-8-0_PAP-8-4-0_1024.out, 16 , 256 , 8 , 0 , 8 , 4096 , 4 , 0 , 1024 , 2.4926, 0.9987, 0.9993
ijpeg_results/ijpeg_2lev_PAG-16-8-0_PAP-8-4-0_128.out, 16 , 256 , 8 , 0 , 8 , 4096 , 4 , 0 , 128 , 2.4926, 0.9987, 0.9993
ijpeg_results/ijpeg_2lev_PAG-16-8-0_PAP-8-4-0_256.out, 16 , 256 , 8 , 0 , 8 , 4096 , 4 , 0 , 256 , 2.4926, 0.9987, 0.9993
ijpeg_results/ijpeg_2lev_PAG-16-8-0_PAP-8-4-0_4096.out, 16 , 256 , 8 , 0 , 8 , 4096 , 4 , 0 , 4096 , 2.4927, 0.9987, 0.9993
ijpeg_results/ijpeg_2lev_PAG-16-8-0_PAP-8-4-0_512.out, 16 , 256 , 8 , 0 , 8 , 4096 , 4 , 0 , 512 , 2.4927, 0.9987, 0.9993
ijpeg_results/ijpeg_2lev_PAG-16-8-0_PAP-8-8-0_1024.out, 16 , 256 , 8 , 0 , 8 , 65536 , 8 , 0 , 1024 , 2.4924, 0.9987, 0.9992
ijpeg_results/ijpeg_2lev_PAG-16-8-0_PAP-8-8-0_128.out, 16 , 256 , 8 , 0 , 8 , 65536 , 8 , 0 , 128 , 2.4922, 0.9987, 0.9992
ijpeg_results/ijpeg_2lev_PAG-16-8-0_PAP-8-8-0_256.out, 16 , 256 , 8 , 0 , 8 , 65536 , 8 , 0 , 256 , 2.4923, 0.9987, 0.9992
ijpeg_results/ijpeg_2lev_PAG-16-8-0_PAP-8-8-0_4096.out, 16 , 256 , 8 , 0 , 8 , 65536 , 8 , 0 , 4096 , 2.4924, 0.9987, 0.9992
ijpeg_results/ijpeg_2lev_PAG-16-8-0_PAP-8-8-0_512.out, 16 , 256 , 8 , 0 , 8 , 65536 , 8 , 0 , 512 , 2.4924, 0.9987, 0.9992
ijpeg_results/ijpeg_2lev_PAG-32-16-0_PAP-16-4-0_1024.out, 32 , 65536 , 16 , 0 , 16 , 1048576 , 4 , 0 , 1024 , 2.4927, 0.9988, 0.9994
ijpeg_results/ijpeg_2lev_PAG-32-16-0_PAP-16-4-0_128.out, 32 , 65536 , 16 , 0 , 16 , 1048576 , 4 , 0 , 128 , 2.4926, 0.9988, 0.9994
ijpeg_results/ijpeg_2lev_PAG-32-16-0_PAP-16-4-0_256.out, 32 , 65536 , 16 , 0 , 16 , 1048576 , 4 , 0 , 256 , 2.4927, 0.9988, 0.9994
ijpeg_results/ijpeg_2lev_PAG-32-16-0_PAP-16-4-0_4096.out, 32 , 65536 , 16 , 0 , 16 , 1048576 , 4 , 0 , 4096 , 2.4927, 0.9988, 0.9994
ijpeg_results/ijpeg_2lev_PAG-32-16-0_PAP-16-4-0_512.out, 32 , 65536 , 16 , 0 , 16 , 1048576 , 4 , 0 , 512 , 2.4926, 0.9988, 0.9994
ijpeg_results/ijpeg_2lev_PAG-32-16-0_PAP-16-8-0_1024.out, 32 , 65536 , 16 , 0 , 16 , 16777216 , 8 , 0 , 1024 , 2.4924, 0.9988, 0.9993
ijpeg_results/ijpeg_2lev_PAG-32-16-0_PAP-16-8-0_128.out, 32 , 65536 , 16 , 0 , 16 , 16777216 , 8 , 0 , 128 , 2.4923, 0.9987, 0.9993
ijpeg_results/ijpeg_2lev_PAG-32-16-0_PAP-16-8-0_256.out, 32 , 65536 , 16 , 0 , 16 , 16777216 , 8 , 0 , 256 , 2.4924, 0.9987, 0.9993
ijpeg_results/ijpeg_2lev_PAG-32-16-0_PAP-16-8-0_4096.out, 32 , 65536 , 16 , 0 , 16 , 16777216 , 8 , 0 , 4096 , 2.4924, 0.9988, 0.9993
ijpeg_results/ijpeg_2lev_PAG-32-16-0_PAP-16-8-0_512.out, 32 , 65536 , 16 , 0 , 16 , 16777216 , 8 , 0 , 512 , 2.4924, 0.9988, 0.9993
ijpeg_results/ijpeg_2lev_PAG-32-16-0_PAP-4-16-0_1024.out, 32 , 65536 , 16 , 0 , 4 , 1048576 , 16 , 0 , 1024 , 2.4932, 0.9987, 0.9993
ijpeg_results/ijpeg_2lev_PAG-32-16-0_PAP-4-16-0_128.out, 32 , 65536 , 16 , 0 , 4 , 1048576 , 16 , 0 , 128 , 2.4932, 0.9987, 0.9993
ijpeg_results/ijpeg_2lev_PAG-32-16-0_PAP-4-16-0_256.out, 32 , 65536 , 16 , 0 , 4 , 1048576 , 16 , 0 , 256 , 2.4932, 0.9987, 0.9993
ijpeg_results/ijpeg_2lev_PAG-32-16-0_PAP-4-16-0_4096.out, 32 , 65536 , 16 , 0 , 4 , 1048576 , 16 , 0 , 4096 , 2.4932, 0.9987, 0.9993
ijpeg_results/ijpeg_2lev_PAG-32-16-0_PAP-4-16-0_512.out, 32 , 65536 , 16 , 0 , 4 , 1048576 , 16 , 0 , 512 , 2.4932, 0.9987, 0.9993
ijpeg_results/ijpeg_2lev_PAG-32-16-0_PAP-4-4-0_1024.out, 32 , 65536 , 16 , 0 , 4 , 256 , 4 , 0 , 1024 , 2.4923, 0.9987, 0.9992
ijpeg_results/ijpeg_2lev_PAG-32-16-0_PAP-4-4-0_128.out, 32 , 65536 , 16 , 0 , 4 , 256 , 4 , 0 , 128 , 2.4925, 0.9987, 0.9993
ijpeg_results/ijpeg_2lev_PAG-32-16-0_PAP-4-4-0_256.out, 32 , 65536 , 16 , 0 , 4 , 256 , 4 , 0 , 256 , 2.4924, 0.9987, 0.9993
ijpeg_results/ijpeg_2lev_PAG-32-16-0_PAP-4-4-0_4096.out, 32 , 65536 , 16 , 0 , 4 , 256 , 4 , 0 , 4096 , 2.4923, 0.9987, 0.9992
ijpeg_results/ijpeg_2lev_PAG-32-16-0_PAP-4-4-0_512.out, 32 , 65536 , 16 , 0 , 4 , 256 , 4 , 0 , 512 , 2.4923, 0.9987, 0.9992
ijpeg_results/ijpeg_2lev_PAG-32-16-0_PAP-4-8-0_1024.out, 32 , 65536 , 16 , 0 , 4 , 4096 , 8 , 0 , 1024 , 2.4931, 0.9987, 0.9993
ijpeg_results/ijpeg_2lev_PAG-32-16-0_PAP-4-8-0_128.out, 32 , 65536 , 16 , 0 , 4 , 4096 , 8 , 0 , 128 , 2.4930, 0.9987, 0.9993
ijpeg_results/ijpeg_2lev_PAG-32-16-0_PAP-4-8-0_256.out, 32 , 65536 , 16 , 0 , 4 , 4096 , 8 , 0 , 256 , 2.4931, 0.9987, 0.9993
ijpeg_results/ijpeg_2lev_PAG-32-16-0_PAP-4-8-0_4096.out, 32 , 65536 , 16 , 0 , 4 , 4096 , 8 , 0 , 4096 , 2.4931, 0.9987, 0.9993
ijpeg_results/ijpeg_2lev_PAG-32-16-0_PAP-4-8-0_512.out, 32 , 65536 , 16 , 0 , 4 , 4096 , 8 , 0 , 512 , 2.4931, 0.9987, 0.9993
ijpeg_results/ijpeg_2lev_PAG-32-16-0_PAP-8-16-0_1024.out, 32 , 65536 , 16 , 0 , 8 , 16777216 , 16 , 0 , 1024 , 2.4928, 0.9987, 0.9993
ijpeg_results/ijpeg_2lev_PAG-32-16-0_PAP-8-16-0_128.out, 32 , 65536 , 16 , 0 , 8 , 16777216 , 16 , 0 , 128 , 2.4928, 0.9987, 0.9993
ijpeg_results/ijpeg_2lev_PAG-32-16-0_PAP-8-16-0_256.out, 32 , 65536 , 16 , 0 , 8 , 16777216 , 16 , 0 , 256 , 2.4928, 0.9987, 0.9993
ijpeg_results/ijpeg_2lev_PAG-32-16-0_PAP-8-16-0_4096.out, 32 , 65536 , 16 , 0 , 8 , 16777216 , 16 , 0 , 4096 , 2.4928, 0.9987, 0.9993
ijpeg_results/ijpeg_2lev_PAG-32-16-0_PAP-8-16-0_512.out, 32 , 65536 , 16 , 0 , 8 , 16777216 , 16 , 0 , 512 , 2.4927, 0.9987, 0.9993
ijpeg_results/ijpeg_2lev_PAG-32-16-0_PAP-8-4-0_1024.out, 32 , 65536 , 16 , 0 , 8 , 4096 , 4 , 0 , 1024 , 2.4928, 0.9988, 0.9993
ijpeg_results/ijpeg_2lev_PAG-32-16-0_PAP-8-4-0_128.out, 32 , 65536 , 16 , 0 , 8 , 4096 , 4 , 0 , 128 , 2.4928, 0.9988, 0.9993
ijpeg_results/ijpeg_2lev_PAG-32-16-0_PAP-8-4-0_256.out, 32 , 65536 , 16 , 0 , 8 , 4096 , 4 , 0 , 256 , 2.4928, 0.9988, 0.9993
ijpeg_results/ijpeg_2lev_PAG-32-16-0_PAP-8-4-0_4096.out, 32 , 65536 , 16 , 0 , 8 , 4096 , 4 , 0 , 4096 , 2.4928, 0.9988, 0.9993
ijpeg_results/ijpeg_2lev_PAG-32-16-0_PAP-8-4-0_512.out, 32 , 65536 , 16 , 0 , 8 , 4096 , 4 , 0 , 512 , 2.4928, 0.9988, 0.9993
ijpeg_results/ijpeg_2lev_PAG-32-16-0_PAP-8-8-0_1024.out, 32 , 65536 , 16 , 0 , 8 , 65536 , 8 , 0 , 1024 , 2.4927, 0.9987, 0.9993
ijpeg_results/ijpeg_2lev_PAG-32-16-0_PAP-8-8-0_128.out, 32 , 65536 , 16 , 0 , 8 , 65536 , 8 , 0 , 128 , 2.4927, 0.9987, 0.9993
ijpeg_results/ijpeg_2lev_PAG-32-16-0_PAP-8-8-0_256.out, 32 , 65536 , 16 , 0 , 8 , 65536 , 8 , 0 , 256 , 2.4927, 0.9987, 0.9993
ijpeg_results/ijpeg_2lev_PAG-32-16-0_PAP-8-8-0_4096.out, 32 , 65536 , 16 , 0 , 8 , 65536 , 8 , 0 , 4096 , 2.4927, 0.9987, 0.9993
ijpeg_results/ijpeg_2lev_PAG-32-16-0_PAP-8-8-0_512.out, 32 , 65536 , 16 , 0 , 8 , 65536 , 8 , 0 , 512 , 2.4926, 0.9987, 0.9993
ijpeg_results/ijpeg_2lev_PAG-32-4-0_PAP-16-4-0_1024.out, 32 , 16 , 4 , 0 , 16 , 1048576 , 4 , 0 , 1024 , 2.4927, 0.9988, 0.9994
ijpeg_results/ijpeg_2lev_PAG-32-4-0_PAP-16-4-0_128.out, 32 , 16 , 4 , 0 , 16 , 1048576 , 4 , 0 , 128 , 2.4927, 0.9988, 0.9993
ijpeg_results/ijpeg_2lev_PAG-32-4-0_PAP-16-4-0_256.out, 32 , 16 , 4 , 0 , 16 , 1048576 , 4 , 0 , 256 , 2.4927, 0.9988, 0.9993
ijpeg_results/ijpeg_2lev_PAG-32-4-0_PAP-16-4-0_4096.out, 32 , 16 , 4 , 0 , 16 , 1048576 , 4 , 0 , 4096 , 2.4927, 0.9988, 0.9993
ijpeg_results/ijpeg_2lev_PAG-32-4-0_PAP-16-4-0_512.out, 32 , 16 , 4 , 0 , 16 , 1048576 , 4 , 0 , 512 , 2.4927, 0.9988, 0.9993
ijpeg_results/ijpeg_2lev_PAG-32-4-0_PAP-16-8-0_1024.out, 32 , 16 , 4 , 0 , 16 , 16777216 , 8 , 0 , 1024 , 2.4925, 0.9987, 0.9993
ijpeg_results/ijpeg_2lev_PAG-32-4-0_PAP-16-8-0_128.out, 32 , 16 , 4 , 0 , 16 , 16777216 , 8 , 0 , 128 , 2.4924, 0.9987, 0.9993
ijpeg_results/ijpeg_2lev_PAG-32-4-0_PAP-16-8-0_256.out, 32 , 16 , 4 , 0 , 16 , 16777216 , 8 , 0 , 256 , 2.4924, 0.9987, 0.9993
ijpeg_results/ijpeg_2lev_PAG-32-4-0_PAP-16-8-0_4096.out, 32 , 16 , 4 , 0 , 16 , 16777216 , 8 , 0 , 4096 , 2.4924, 0.9987, 0.9993
ijpeg_results/ijpeg_2lev_PAG-32-4-0_PAP-16-8-0_512.out, 32 , 16 , 4 , 0 , 16 , 16777216 , 8 , 0 , 512 , 2.4924, 0.9987, 0.9993
ijpeg_results/ijpeg_2lev_PAG-32-4-0_PAP-4-16-0_1024.out, 32 , 16 , 4 , 0 , 4 , 1048576 , 16 , 0 , 1024 , 2.4930, 0.9987, 0.9993
ijpeg_results/ijpeg_2lev_PAG-32-4-0_PAP-4-16-0_128.out, 32 , 16 , 4 , 0 , 4 , 1048576 , 16 , 0 , 128 , 2.4929, 0.9987, 0.9992
ijpeg_results/ijpeg_2lev_PAG-32-4-0_PAP-4-16-0_256.out, 32 , 16 , 4 , 0 , 4 , 1048576 , 16 , 0 , 256 , 2.4929, 0.9987, 0.9993
ijpeg_results/ijpeg_2lev_PAG-32-4-0_PAP-4-16-0_4096.out, 32 , 16 , 4 , 0 , 4 , 1048576 , 16 , 0 , 4096 , 2.4930, 0.9987, 0.9993
ijpeg_results/ijpeg_2lev_PAG-32-4-0_PAP-4-16-0_512.out, 32 , 16 , 4 , 0 , 4 , 1048576 , 16 , 0 , 512 , 2.4930, 0.9987, 0.9993
ijpeg_results/ijpeg_2lev_PAG-32-4-0_PAP-4-4-0_1024.out, 32 , 16 , 4 , 0 , 4 , 256 , 4 , 0 , 1024 , 2.4923, 0.9987, 0.9992
ijpeg_results/ijpeg_2lev_PAG-32-4-0_PAP-4-4-0_128.out, 32 , 16 , 4 , 0 , 4 , 256 , 4 , 0 , 128 , 2.4923, 0.9987, 0.9992
ijpeg_results/ijpeg_2lev_PAG-32-4-0_PAP-4-4-0_256.out, 32 , 16 , 4 , 0 , 4 , 256 , 4 , 0 , 256 , 2.4923, 0.9987, 0.9992
ijpeg_results/ijpeg_2lev_PAG-32-4-0_PAP-4-4-0_4096.out, 32 , 16 , 4 , 0 , 4 , 256 , 4 , 0 , 4096 , 2.4923, 0.9986, 0.9992
ijpeg_results/ijpeg_2lev_PAG-32-4-0_PAP-4-4-0_512.out, 32 , 16 , 4 , 0 , 4 , 256 , 4 , 0 , 512 , 2.4923, 0.9987, 0.9992
ijpeg_results/ijpeg_2lev_PAG-32-4-0_PAP-4-8-0_1024.out, 32 , 16 , 4 , 0 , 4 , 4096 , 8 , 0 , 1024 , 2.4928, 0.9987, 0.9993
ijpeg_results/ijpeg_2lev_PAG-32-4-0_PAP-4-8-0_128.out, 32 , 16 , 4 , 0 , 4 , 4096 , 8 , 0 , 128 , 2.4927, 0.9987, 0.9993
ijpeg_results/ijpeg_2lev_PAG-32-4-0_PAP-4-8-0_256.out, 32 , 16 , 4 , 0 , 4 , 4096 , 8 , 0 , 256 , 2.4927, 0.9987, 0.9993
ijpeg_results/ijpeg_2lev_PAG-32-4-0_PAP-4-8-0_4096.out, 32 , 16 , 4 , 0 , 4 , 4096 , 8 , 0 , 4096 , 2.4928, 0.9987, 0.9993
ijpeg_results/ijpeg_2lev_PAG-32-4-0_PAP-4-8-0_512.out, 32 , 16 , 4 , 0 , 4 , 4096 , 8 , 0 , 512 , 2.4928, 0.9987, 0.9993
ijpeg_results/ijpeg_2lev_PAG-32-4-0_PAP-8-16-0_1024.out, 32 , 16 , 4 , 0 , 8 , 16777216 , 16 , 0 , 1024 , 2.4928, 0.9987, 0.9993
ijpeg_results/ijpeg_2lev_PAG-32-4-0_PAP-8-16-0_128.out, 32 , 16 , 4 , 0 , 8 , 16777216 , 16 , 0 , 128 , 2.4929, 0.9987, 0.9993
ijpeg_results/ijpeg_2lev_PAG-32-4-0_PAP-8-16-0_256.out, 32 , 16 , 4 , 0 , 8 , 16777216 , 16 , 0 , 256 , 2.4928, 0.9987, 0.9992
ijpeg_results/ijpeg_2lev_PAG-32-4-0_PAP-8-16-0_4096.out, 32 , 16 , 4 , 0 , 8 , 16777216 , 16 , 0 , 4096 , 2.4927, 0.9987, 0.9992
ijpeg_results/ijpeg_2lev_PAG-32-4-0_PAP-8-16-0_512.out, 32 , 16 , 4 , 0 , 8 , 16777216 , 16 , 0 , 512 , 2.4927, 0.9987, 0.9992
ijpeg_results/ijpeg_2lev_PAG-32-4-0_PAP-8-4-0_1024.out, 32 , 16 , 4 , 0 , 8 , 4096 , 4 , 0 , 1024 , 2.4927, 0.9987, 0.9993
ijpeg_results/ijpeg_2lev_PAG-32-4-0_PAP-8-4-0_128.out, 32 , 16 , 4 , 0 , 8 , 4096 , 4 , 0 , 128 , 2.4931, 0.9988, 0.9993
ijpeg_results/ijpeg_2lev_PAG-32-4-0_PAP-8-4-0_256.out, 32 , 16 , 4 , 0 , 8 , 4096 , 4 , 0 , 256 , 2.4929, 0.9987, 0.9993
ijpeg_results/ijpeg_2lev_PAG-32-4-0_PAP-8-4-0_4096.out, 32 , 16 , 4 , 0 , 8 , 4096 , 4 , 0 , 4096 , 2.4927, 0.9987, 0.9993
ijpeg_results/ijpeg_2lev_PAG-32-4-0_PAP-8-4-0_512.out, 32 , 16 , 4 , 0 , 8 , 4096 , 4 , 0 , 512 , 2.4927, 0.9987, 0.9993
ijpeg_results/ijpeg_2lev_PAG-32-4-0_PAP-8-8-0_1024.out, 32 , 16 , 4 , 0 , 8 , 65536 , 8 , 0 , 1024 , 2.4927, 0.9987, 0.9993
ijpeg_results/ijpeg_2lev_PAG-32-4-0_PAP-8-8-0_128.out, 32 , 16 , 4 , 0 , 8 , 65536 , 8 , 0 , 128 , 2.4928, 0.9987, 0.9993
ijpeg_results/ijpeg_2lev_PAG-32-4-0_PAP-8-8-0_256.out, 32 , 16 , 4 , 0 , 8 , 65536 , 8 , 0 , 256 , 2.4927, 0.9987, 0.9992
ijpeg_results/ijpeg_2lev_PAG-32-4-0_PAP-8-8-0_4096.out, 32 , 16 , 4 , 0 , 8 , 65536 , 8 , 0 , 4096 , 2.4926, 0.9987, 0.9992
ijpeg_results/ijpeg_2lev_PAG-32-4-0_PAP-8-8-0_512.out, 32 , 16 , 4 , 0 , 8 , 65536 , 8 , 0 , 512 , 2.4926, 0.9987, 0.9992
ijpeg_results/ijpeg_2lev_PAG-32-8-0_PAP-16-4-0_1024.out, 32 , 256 , 8 , 0 , 16 , 1048576 , 4 , 0 , 1024 , 2.4926, 0.9988, 0.9994
ijpeg_results/ijpeg_2lev_PAG-32-8-0_PAP-16-4-0_128.out, 32 , 256 , 8 , 0 , 16 , 1048576 , 4 , 0 , 128 , 2.4925, 0.9988, 0.9994
ijpeg_results/ijpeg_2lev_PAG-32-8-0_PAP-16-4-0_256.out, 32 , 256 , 8 , 0 , 16 , 1048576 , 4 , 0 , 256 , 2.4926, 0.9988, 0.9994
ijpeg_results/ijpeg_2lev_PAG-32-8-0_PAP-16-4-0_4096.out, 32 , 256 , 8 , 0 , 16 , 1048576 , 4 , 0 , 4096 , 2.4926, 0.9988, 0.9994
ijpeg_results/ijpeg_2lev_PAG-32-8-0_PAP-16-4-0_512.out, 32 , 256 , 8 , 0 , 16 , 1048576 , 4 , 0 , 512 , 2.4925, 0.9988, 0.9994
ijpeg_results/ijpeg_2lev_PAG-32-8-0_PAP-16-8-0_1024.out, 32 , 256 , 8 , 0 , 16 , 16777216 , 8 , 0 , 1024 , 2.4923, 0.9988, 0.9994
ijpeg_results/ijpeg_2lev_PAG-32-8-0_PAP-16-8-0_128.out, 32 , 256 , 8 , 0 , 16 , 16777216 , 8 , 0 , 128 , 2.4922, 0.9987, 0.9993
ijpeg_results/ijpeg_2lev_PAG-32-8-0_PAP-16-8-0_256.out, 32 , 256 , 8 , 0 , 16 , 16777216 , 8 , 0 , 256 , 2.4923, 0.9988, 0.9993
ijpeg_results/ijpeg_2lev_PAG-32-8-0_PAP-16-8-0_4096.out, 32 , 256 , 8 , 0 , 16 , 16777216 , 8 , 0 , 4096 , 2.4923, 0.9988, 0.9994
ijpeg_results/ijpeg_2lev_PAG-32-8-0_PAP-16-8-0_512.out, 32 , 256 , 8 , 0 , 16 , 16777216 , 8 , 0 , 512 , 2.4923, 0.9988, 0.9993
ijpeg_results/ijpeg_2lev_PAG-32-8-0_PAP-4-16-0_1024.out, 32 , 256 , 8 , 0 , 4 , 1048576 , 16 , 0 , 1024 , 2.4930, 0.9987, 0.9993
ijpeg_results/ijpeg_2lev_PAG-32-8-0_PAP-4-16-0_128.out, 32 , 256 , 8 , 0 , 4 , 1048576 , 16 , 0 , 128 , 2.4929, 0.9987, 0.9993
ijpeg_results/ijpeg_2lev_PAG-32-8-0_PAP-4-16-0_256.out, 32 , 256 , 8 , 0 , 4 , 1048576 , 16 , 0 , 256 , 2.4928, 0.9987, 0.9993
ijpeg_results/ijpeg_2lev_PAG-32-8-0_PAP-4-16-0_4096.out, 32 , 256 , 8 , 0 , 4 , 1048576 , 16 , 0 , 4096 , 2.4929, 0.9987, 0.9993
ijpeg_results/ijpeg_2lev_PAG-32-8-0_PAP-4-16-0_512.out, 32 , 256 , 8 , 0 , 4 , 1048576 , 16 , 0 , 512 , 2.4929, 0.9987, 0.9993
ijpeg_results/ijpeg_2lev_PAG-32-8-0_PAP-4-4-0_1024.out, 32 , 256 , 8 , 0 , 4 , 256 , 4 , 0 , 1024 , 2.4920, 0.9987, 0.9992
ijpeg_results/ijpeg_2lev_PAG-32-8-0_PAP-4-4-0_128.out, 32 , 256 , 8 , 0 , 4 , 256 , 4 , 0 , 128 , 2.4922, 0.9987, 0.9993
ijpeg_results/ijpeg_2lev_PAG-32-8-0_PAP-4-4-0_256.out, 32 , 256 , 8 , 0 , 4 , 256 , 4 , 0 , 256 , 2.4921, 0.9987, 0.9993
ijpeg_results/ijpeg_2lev_PAG-32-8-0_PAP-4-4-0_4096.out, 32 , 256 , 8 , 0 , 4 , 256 , 4 , 0 , 4096 , 2.4920, 0.9986, 0.9992
ijpeg_results/ijpeg_2lev_PAG-32-8-0_PAP-4-4-0_512.out, 32 , 256 , 8 , 0 , 4 , 256 , 4 , 0 , 512 , 2.4920, 0.9986, 0.9992
ijpeg_results/ijpeg_2lev_PAG-32-8-0_PAP-4-8-0_1024.out, 32 , 256 , 8 , 0 , 4 , 4096 , 8 , 0 , 1024 , 2.4928, 0.9987, 0.9993
ijpeg_results/ijpeg_2lev_PAG-32-8-0_PAP-4-8-0_128.out, 32 , 256 , 8 , 0 , 4 , 4096 , 8 , 0 , 128 , 2.4927, 0.9987, 0.9993
ijpeg_results/ijpeg_2lev_PAG-32-8-0_PAP-4-8-0_256.out, 32 , 256 , 8 , 0 , 4 , 4096 , 8 , 0 , 256 , 2.4928, 0.9987, 0.9993
ijpeg_results/ijpeg_2lev_PAG-32-8-0_PAP-4-8-0_4096.out, 32 , 256 , 8 , 0 , 4 , 4096 , 8 , 0 , 4096 , 2.4928, 0.9987, 0.9993
ijpeg_results/ijpeg_2lev_PAG-32-8-0_PAP-4-8-0_512.out, 32 , 256 , 8 , 0 , 4 , 4096 , 8 , 0 , 512 , 2.4928, 0.9987, 0.9993
ijpeg_results/ijpeg_2lev_PAG-32-8-0_PAP-8-16-0_1024.out, 32 , 256 , 8 , 0 , 8 , 16777216 , 16 , 0 , 1024 , 2.4927, 0.9987, 0.9993
ijpeg_results/ijpeg_2lev_PAG-32-8-0_PAP-8-16-0_128.out, 32 , 256 , 8 , 0 , 8 , 16777216 , 16 , 0 , 128 , 2.4927, 0.9987, 0.9993
ijpeg_results/ijpeg_2lev_PAG-32-8-0_PAP-8-16-0_256.out, 32 , 256 , 8 , 0 , 8 , 16777216 , 16 , 0 , 256 , 2.4927, 0.9987, 0.9993
ijpeg_results/ijpeg_2lev_PAG-32-8-0_PAP-8-16-0_4096.out, 32 , 256 , 8 , 0 , 8 , 16777216 , 16 , 0 , 4096 , 2.4927, 0.9987, 0.9993
ijpeg_results/ijpeg_2lev_PAG-32-8-0_PAP-8-16-0_512.out, 32 , 256 , 8 , 0 , 8 , 16777216 , 16 , 0 , 512 , 2.4927, 0.9987, 0.9993
ijpeg_results/ijpeg_2lev_PAG-32-8-0_PAP-8-4-0_1024.out, 32 , 256 , 8 , 0 , 8 , 4096 , 4 , 0 , 1024 , 2.4928, 0.9988, 0.9993
ijpeg_results/ijpeg_2lev_PAG-32-8-0_PAP-8-4-0_128.out, 32 , 256 , 8 , 0 , 8 , 4096 , 4 , 0 , 128 , 2.4928, 0.9988, 0.9993
ijpeg_results/ijpeg_2lev_PAG-32-8-0_PAP-8-4-0_256.out, 32 , 256 , 8 , 0 , 8 , 4096 , 4 , 0 , 256 , 2.4928, 0.9988, 0.9993
ijpeg_results/ijpeg_2lev_PAG-32-8-0_PAP-8-4-0_4096.out, 32 , 256 , 8 , 0 , 8 , 4096 , 4 , 0 , 4096 , 2.4928, 0.9988, 0.9993
ijpeg_results/ijpeg_2lev_PAG-32-8-0_PAP-8-4-0_512.out, 32 , 256 , 8 , 0 , 8 , 4096 , 4 , 0 , 512 , 2.4927, 0.9988, 0.9993
ijpeg_results/ijpeg_2lev_PAG-32-8-0_PAP-8-8-0_1024.out, 32 , 256 , 8 , 0 , 8 , 65536 , 8 , 0 , 1024 , 2.4926, 0.9987, 0.9993
ijpeg_results/ijpeg_2lev_PAG-32-8-0_PAP-8-8-0_128.out, 32 , 256 , 8 , 0 , 8 , 65536 , 8 , 0 , 128 , 2.4926, 0.9987, 0.9993
ijpeg_results/ijpeg_2lev_PAG-32-8-0_PAP-8-8-0_256.out, 32 , 256 , 8 , 0 , 8 , 65536 , 8 , 0 , 256 , 2.4926, 0.9987, 0.9993
ijpeg_results/ijpeg_2lev_PAG-32-8-0_PAP-8-8-0_4096.out, 32 , 256 , 8 , 0 , 8 , 65536 , 8 , 0 , 4096 , 2.4926, 0.9987, 0.9993
ijpeg_results/ijpeg_2lev_PAG-32-8-0_PAP-8-8-0_512.out, 32 , 256 , 8 , 0 , 8 , 65536 , 8 , 0 , 512 , 2.4926, 0.9987, 0.9993
ijpeg_results/ijpeg_2lev_PAG-4-16-0_PAP-16-4-0_1024.out, 4 , 65536 , 16 , 0 , 16 , 1048576 , 4 , 0 , 1024 , 2.4928, 0.9987, 0.9993
ijpeg_results/ijpeg_2lev_PAG-4-16-0_PAP-16-4-0_128.out, 4 , 65536 , 16 , 0 , 16 , 1048576 , 4 , 0 , 128 , 2.4926, 0.9987, 0.9993
ijpeg_results/ijpeg_2lev_PAG-4-16-0_PAP-16-4-0_256.out, 4 , 65536 , 16 , 0 , 16 , 1048576 , 4 , 0 , 256 , 2.4928, 0.9987, 0.9993
ijpeg_results/ijpeg_2lev_PAG-4-16-0_PAP-16-4-0_4096.out, 4 , 65536 , 16 , 0 , 16 , 1048576 , 4 , 0 , 4096 , 2.4928, 0.9988, 0.9993
ijpeg_results/ijpeg_2lev_PAG-4-16-0_PAP-16-4-0_512.out, 4 , 65536 , 16 , 0 , 16 , 1048576 , 4 , 0 , 512 , 2.4927, 0.9987, 0.9993
ijpeg_results/ijpeg_2lev_PAG-4-16-0_PAP-16-8-0_1024.out, 4 , 65536 , 16 , 0 , 16 , 16777216 , 8 , 0 , 1024 , 2.4923, 0.9987, 0.9992
ijpeg_results/ijpeg_2lev_PAG-4-16-0_PAP-16-8-0_128.out, 4 , 65536 , 16 , 0 , 16 , 16777216 , 8 , 0 , 128 , 2.4922, 0.9987, 0.9992
ijpeg_results/ijpeg_2lev_PAG-4-16-0_PAP-16-8-0_256.out, 4 , 65536 , 16 , 0 , 16 , 16777216 , 8 , 0 , 256 , 2.4923, 0.9987, 0.9992
ijpeg_results/ijpeg_2lev_PAG-4-16-0_PAP-16-8-0_4096.out, 4 , 65536 , 16 , 0 , 16 , 16777216 , 8 , 0 , 4096 , 2.4924, 0.9987, 0.9992
ijpeg_results/ijpeg_2lev_PAG-4-16-0_PAP-16-8-0_512.out, 4 , 65536 , 16 , 0 , 16 , 16777216 , 8 , 0 , 512 , 2.4923, 0.9987, 0.9992
ijpeg_results/ijpeg_2lev_PAG-4-16-0_PAP-4-16-0_1024.out, 4 , 65536 , 16 , 0 , 4 , 1048576 , 16 , 0 , 1024 , 2.4913, 0.9983, 0.9988
ijpeg_results/ijpeg_2lev_PAG-4-16-0_PAP-4-16-0_128.out, 4 , 65536 , 16 , 0 , 4 , 1048576 , 16 , 0 , 128 , 2.4913, 0.9983, 0.9988
ijpeg_results/ijpeg_2lev_PAG-4-16-0_PAP-4-16-0_256.out, 4 , 65536 , 16 , 0 , 4 , 1048576 , 16 , 0 , 256 , 2.4913, 0.9983, 0.9988
ijpeg_results/ijpeg_2lev_PAG-4-16-0_PAP-4-16-0_4096.out, 4 , 65536 , 16 , 0 , 4 , 1048576 , 16 , 0 , 4096 , 2.4913, 0.9983, 0.9988
ijpeg_results/ijpeg_2lev_PAG-4-16-0_PAP-4-16-0_512.out, 4 , 65536 , 16 , 0 , 4 , 1048576 , 16 , 0 , 512 , 2.4913, 0.9983, 0.9988
ijpeg_results/ijpeg_2lev_PAG-4-16-0_PAP-4-4-0_1024.out, 4 , 65536 , 16 , 0 , 4 , 256 , 4 , 0 , 1024 , 2.4921, 0.9985, 0.9990
ijpeg_results/ijpeg_2lev_PAG-4-16-0_PAP-4-4-0_128.out, 4 , 65536 , 16 , 0 , 4 , 256 , 4 , 0 , 128 , 2.4918, 0.9984, 0.9989
ijpeg_results/ijpeg_2lev_PAG-4-16-0_PAP-4-4-0_256.out, 4 , 65536 , 16 , 0 , 4 , 256 , 4 , 0 , 256 , 2.4921, 0.9985, 0.9990
ijpeg_results/ijpeg_2lev_PAG-4-16-0_PAP-4-4-0_4096.out, 4 , 65536 , 16 , 0 , 4 , 256 , 4 , 0 , 4096 , 2.4922, 0.9985, 0.9990
ijpeg_results/ijpeg_2lev_PAG-4-16-0_PAP-4-4-0_512.out, 4 , 65536 , 16 , 0 , 4 , 256 , 4 , 0 , 512 , 2.4921, 0.9985, 0.9990
ijpeg_results/ijpeg_2lev_PAG-4-16-0_PAP-4-8-0_1024.out, 4 , 65536 , 16 , 0 , 4 , 4096 , 8 , 0 , 1024 , 2.4914, 0.9984, 0.9989
ijpeg_results/ijpeg_2lev_PAG-4-16-0_PAP-4-8-0_128.out, 4 , 65536 , 16 , 0 , 4 , 4096 , 8 , 0 , 128 , 2.4915, 0.9984, 0.9989
ijpeg_results/ijpeg_2lev_PAG-4-16-0_PAP-4-8-0_256.out, 4 , 65536 , 16 , 0 , 4 , 4096 , 8 , 0 , 256 , 2.4915, 0.9984, 0.9989
ijpeg_results/ijpeg_2lev_PAG-4-16-0_PAP-4-8-0_4096.out, 4 , 65536 , 16 , 0 , 4 , 4096 , 8 , 0 , 4096 , 2.4914, 0.9984, 0.9989
ijpeg_results/ijpeg_2lev_PAG-4-16-0_PAP-4-8-0_512.out, 4 , 65536 , 16 , 0 , 4 , 4096 , 8 , 0 , 512 , 2.4914, 0.9984, 0.9989
ijpeg_results/ijpeg_2lev_PAG-4-16-0_PAP-8-16-0_1024.out, 4 , 65536 , 16 , 0 , 8 , 16777216 , 16 , 0 , 1024 , 2.4919, 0.9985, 0.9990
ijpeg_results/ijpeg_2lev_PAG-4-16-0_PAP-8-16-0_128.out, 4 , 65536 , 16 , 0 , 8 , 16777216 , 16 , 0 , 128 , 2.4916, 0.9985, 0.9990
ijpeg_results/ijpeg_2lev_PAG-4-16-0_PAP-8-16-0_256.out, 4 , 65536 , 16 , 0 , 8 , 16777216 , 16 , 0 , 256 , 2.4921, 0.9985, 0.9990
ijpeg_results/ijpeg_2lev_PAG-4-16-0_PAP-8-16-0_4096.out, 4 , 65536 , 16 , 0 , 8 , 16777216 , 16 , 0 , 4096 , 2.4919, 0.9985, 0.9990
ijpeg_results/ijpeg_2lev_PAG-4-16-0_PAP-8-16-0_512.out, 4 , 65536 , 16 , 0 , 8 , 16777216 , 16 , 0 , 512 , 2.4919, 0.9985, 0.9990
ijpeg_results/ijpeg_2lev_PAG-4-16-0_PAP-8-4-0_1024.out, 4 , 65536 , 16 , 0 , 8 , 4096 , 4 , 0 , 1024 , 2.4927, 0.9987, 0.9992
ijpeg_results/ijpeg_2lev_PAG-4-16-0_PAP-8-4-0_128.out, 4 , 65536 , 16 , 0 , 8 , 4096 , 4 , 0 , 128 , 2.4924, 0.9987, 0.9992
ijpeg_results/ijpeg_2lev_PAG-4-16-0_PAP-8-4-0_256.out, 4 , 65536 , 16 , 0 , 8 , 4096 , 4 , 0 , 256 , 2.4928, 0.9987, 0.9992
ijpeg_results/ijpeg_2lev_PAG-4-16-0_PAP-8-4-0_4096.out, 4 , 65536 , 16 , 0 , 8 , 4096 , 4 , 0 , 4096 , 2.4928, 0.9987, 0.9992
ijpeg_results/ijpeg_2lev_PAG-4-16-0_PAP-8-4-0_512.out, 4 , 65536 , 16 , 0 , 8 , 4096 , 4 , 0 , 512 , 2.4927, 0.9987, 0.9992
ijpeg_results/ijpeg_2lev_PAG-4-16-0_PAP-8-8-0_1024.out, 4 , 65536 , 16 , 0 , 8 , 65536 , 8 , 0 , 1024 , 2.4922, 0.9986, 0.9991
ijpeg_results/ijpeg_2lev_PAG-4-16-0_PAP-8-8-0_128.out, 4 , 65536 , 16 , 0 , 8 , 65536 , 8 , 0 , 128 , 2.4919, 0.9986, 0.9991
ijpeg_results/ijpeg_2lev_PAG-4-16-0_PAP-8-8-0_256.out, 4 , 65536 , 16 , 0 , 8 , 65536 , 8 , 0 , 256 , 2.4923, 0.9986, 0.9991
ijpeg_results/ijpeg_2lev_PAG-4-16-0_PAP-8-8-0_4096.out, 4 , 65536 , 16 , 0 , 8 , 65536 , 8 , 0 , 4096 , 2.4923, 0.9986, 0.9991
ijpeg_results/ijpeg_2lev_PAG-4-16-0_PAP-8-8-0_512.out, 4 , 65536 , 16 , 0 , 8 , 65536 , 8 , 0 , 512 , 2.4922, 0.9986, 0.9991
ijpeg_results/ijpeg_2lev_PAG-4-4-0_PAP-16-4-0_1024.out, 4 , 16 , 4 , 0 , 16 , 1048576 , 4 , 0 , 1024 , 2.4926, 0.9987, 0.9993
ijpeg_results/ijpeg_2lev_PAG-4-4-0_PAP-16-4-0_128.out, 4 , 16 , 4 , 0 , 16 , 1048576 , 4 , 0 , 128 , 2.4924, 0.9987, 0.9993
ijpeg_results/ijpeg_2lev_PAG-4-4-0_PAP-16-4-0_256.out, 4 , 16 , 4 , 0 , 16 , 1048576 , 4 , 0 , 256 , 2.4925, 0.9987, 0.9993
ijpeg_results/ijpeg_2lev_PAG-4-4-0_PAP-16-4-0_4096.out, 4 , 16 , 4 , 0 , 16 , 1048576 , 4 , 0 , 4096 , 2.4926, 0.9987, 0.9993
ijpeg_results/ijpeg_2lev_PAG-4-4-0_PAP-16-4-0_512.out, 4 , 16 , 4 , 0 , 16 , 1048576 , 4 , 0 , 512 , 2.4925, 0.9987, 0.9993
ijpeg_results/ijpeg_2lev_PAG-4-4-0_PAP-16-8-0_1024.out, 4 , 16 , 4 , 0 , 16 , 16777216 , 8 , 0 , 1024 , 2.4924, 0.9987, 0.9993
ijpeg_results/ijpeg_2lev_PAG-4-4-0_PAP-16-8-0_128.out, 4 , 16 , 4 , 0 , 16 , 16777216 , 8 , 0 , 128 , 2.4921, 0.9987, 0.9992
ijpeg_results/ijpeg_2lev_PAG-4-4-0_PAP-16-8-0_256.out, 4 , 16 , 4 , 0 , 16 , 16777216 , 8 , 0 , 256 , 2.4922, 0.9987, 0.9992
ijpeg_results/ijpeg_2lev_PAG-4-4-0_PAP-16-8-0_4096.out, 4 , 16 , 4 , 0 , 16 , 16777216 , 8 , 0 , 4096 , 2.4924, 0.9987, 0.9993
ijpeg_results/ijpeg_2lev_PAG-4-4-0_PAP-16-8-0_512.out, 4 , 16 , 4 , 0 , 16 , 16777216 , 8 , 0 , 512 , 2.4923, 0.9987, 0.9993
ijpeg_results/ijpeg_2lev_PAG-4-4-0_PAP-4-16-0_1024.out, 4 , 16 , 4 , 0 , 4 , 1048576 , 16 , 0 , 1024 , 2.4919, 0.9984, 0.9990
ijpeg_results/ijpeg_2lev_PAG-4-4-0_PAP-4-16-0_128.out, 4 , 16 , 4 , 0 , 4 , 1048576 , 16 , 0 , 128 , 2.4919, 0.9984, 0.9990
ijpeg_results/ijpeg_2lev_PAG-4-4-0_PAP-4-16-0_256.out, 4 , 16 , 4 , 0 , 4 , 1048576 , 16 , 0 , 256 , 2.4919, 0.9984, 0.9990
ijpeg_results/ijpeg_2lev_PAG-4-4-0_PAP-4-16-0_4096.out, 4 , 16 , 4 , 0 , 4 , 1048576 , 16 , 0 , 4096 , 2.4919, 0.9984, 0.9990
ijpeg_results/ijpeg_2lev_PAG-4-4-0_PAP-4-16-0_512.out, 4 , 16 , 4 , 0 , 4 , 1048576 , 16 , 0 , 512 , 2.4919, 0.9984, 0.9990
ijpeg_results/ijpeg_2lev_PAG-4-4-0_PAP-4-4-0_1024.out, 4 , 16 , 4 , 0 , 4 , 256 , 4 , 0 , 1024 , 2.4852, 0.9940, 0.9946
ijpeg_results/ijpeg_2lev_PAG-4-4-0_PAP-4-4-0_128.out, 4 , 16 , 4 , 0 , 4 , 256 , 4 , 0 , 128 , 2.4853, 0.9940, 0.9946
ijpeg_results/ijpeg_2lev_PAG-4-4-0_PAP-4-4-0_256.out, 4 , 16 , 4 , 0 , 4 , 256 , 4 , 0 , 256 , 2.4849, 0.9940, 0.9945
ijpeg_results/ijpeg_2lev_PAG-4-4-0_PAP-4-4-0_4096.out, 4 , 16 , 4 , 0 , 4 , 256 , 4 , 0 , 4096 , 2.4851, 0.9940, 0.9946
ijpeg_results/ijpeg_2lev_PAG-4-4-0_PAP-4-4-0_512.out, 4 , 16 , 4 , 0 , 4 , 256 , 4 , 0 , 512 , 2.4851, 0.9940, 0.9946
ijpeg_results/ijpeg_2lev_PAG-4-4-0_PAP-4-8-0_1024.out, 4 , 16 , 4 , 0 , 4 , 4096 , 8 , 0 , 1024 , 2.4920, 0.9985, 0.9991
ijpeg_results/ijpeg_2lev_PAG-4-4-0_PAP-4-8-0_128.out, 4 , 16 , 4 , 0 , 4 , 4096 , 8 , 0 , 128 , 2.4917, 0.9984, 0.9990
ijpeg_results/ijpeg_2lev_PAG-4-4-0_PAP-4-8-0_256.out, 4 , 16 , 4 , 0 , 4 , 4096 , 8 , 0 , 256 , 2.4922, 0.9985, 0.9991
ijpeg_results/ijpeg_2lev_PAG-4-4-0_PAP-4-8-0_4096.out, 4 , 16 , 4 , 0 , 4 , 4096 , 8 , 0 , 4096 , 2.4920, 0.9985, 0.9991
ijpeg_results/ijpeg_2lev_PAG-4-4-0_PAP-4-8-0_512.out, 4 , 16 , 4 , 0 , 4 , 4096 , 8 , 0 , 512 , 2.4920, 0.9985, 0.9991
ijpeg_results/ijpeg_2lev_PAG-4-4-0_PAP-8-16-0_1024.out, 4 , 16 , 4 , 0 , 8 , 16777216 , 16 , 0 , 1024 , 2.4922, 0.9986, 0.9991
ijpeg_results/ijpeg_2lev_PAG-4-4-0_PAP-8-16-0_128.out, 4 , 16 , 4 , 0 , 8 , 16777216 , 16 , 0 , 128 , 2.4920, 0.9986, 0.9991
ijpeg_results/ijpeg_2lev_PAG-4-4-0_PAP-8-16-0_256.out, 4 , 16 , 4 , 0 , 8 , 16777216 , 16 , 0 , 256 , 2.4920, 0.9986, 0.9991
ijpeg_results/ijpeg_2lev_PAG-4-4-0_PAP-8-16-0_4096.out, 4 , 16 , 4 , 0 , 8 , 16777216 , 16 , 0 , 4096 , 2.4922, 0.9986, 0.9991
ijpeg_results/ijpeg_2lev_PAG-4-4-0_PAP-8-16-0_512.out, 4 , 16 , 4 , 0 , 8 , 16777216 , 16 , 0 , 512 , 2.4922, 0.9986, 0.9991
ijpeg_results/ijpeg_2lev_PAG-4-4-0_PAP-8-4-0_1024.out, 4 , 16 , 4 , 0 , 8 , 4096 , 4 , 0 , 1024 , 2.4923, 0.9987, 0.9992
ijpeg_results/ijpeg_2lev_PAG-4-4-0_PAP-8-4-0_128.out, 4 , 16 , 4 , 0 , 8 , 4096 , 4 , 0 , 128 , 2.4923, 0.9987, 0.9992
ijpeg_results/ijpeg_2lev_PAG-4-4-0_PAP-8-4-0_256.out, 4 , 16 , 4 , 0 , 8 , 4096 , 4 , 0 , 256 , 2.4924, 0.9987, 0.9992
ijpeg_results/ijpeg_2lev_PAG-4-4-0_PAP-8-4-0_4096.out, 4 , 16 , 4 , 0 , 8 , 4096 , 4 , 0 , 4096 , 2.4923, 0.9987, 0.9992
ijpeg_results/ijpeg_2lev_PAG-4-4-0_PAP-8-4-0_512.out, 4 , 16 , 4 , 0 , 8 , 4096 , 4 , 0 , 512 , 2.4923, 0.9987, 0.9992
ijpeg_results/ijpeg_2lev_PAG-4-4-0_PAP-8-8-0_1024.out, 4 , 16 , 4 , 0 , 8 , 65536 , 8 , 0 , 1024 , 2.4921, 0.9986, 0.9992
ijpeg_results/ijpeg_2lev_PAG-4-4-0_PAP-8-8-0_128.out, 4 , 16 , 4 , 0 , 8 , 65536 , 8 , 0 , 128 , 2.4922, 0.9987, 0.9992
ijpeg_results/ijpeg_2lev_PAG-4-4-0_PAP-8-8-0_256.out, 4 , 16 , 4 , 0 , 8 , 65536 , 8 , 0 , 256 , 2.4922, 0.9987, 0.9992
ijpeg_results/ijpeg_2lev_PAG-4-4-0_PAP-8-8-0_4096.out, 4 , 16 , 4 , 0 , 8 , 65536 , 8 , 0 , 4096 , 2.4921, 0.9986, 0.9992
ijpeg_results/ijpeg_2lev_PAG-4-4-0_PAP-8-8-0_512.out, 4 , 16 , 4 , 0 , 8 , 65536 , 8 , 0 , 512 , 2.4921, 0.9986, 0.9992
ijpeg_results/ijpeg_2lev_PAG-4-8-0_PAP-16-4-0_1024.out, 4 , 256 , 8 , 0 , 16 , 1048576 , 4 , 0 , 1024 , 2.4930, 0.9988, 0.9993
ijpeg_results/ijpeg_2lev_PAG-4-8-0_PAP-16-4-0_128.out, 4 , 256 , 8 , 0 , 16 , 1048576 , 4 , 0 , 128 , 2.4927, 0.9987, 0.9993
ijpeg_results/ijpeg_2lev_PAG-4-8-0_PAP-16-4-0_256.out, 4 , 256 , 8 , 0 , 16 , 1048576 , 4 , 0 , 256 , 2.4927, 0.9987, 0.9993
ijpeg_results/ijpeg_2lev_PAG-4-8-0_PAP-16-4-0_4096.out, 4 , 256 , 8 , 0 , 16 , 1048576 , 4 , 0 , 4096 , 2.4929, 0.9988, 0.9993
ijpeg_results/ijpeg_2lev_PAG-4-8-0_PAP-16-4-0_512.out, 4 , 256 , 8 , 0 , 16 , 1048576 , 4 , 0 , 512 , 2.4928, 0.9988, 0.9993
ijpeg_results/ijpeg_2lev_PAG-4-8-0_PAP-16-8-0_1024.out, 4 , 256 , 8 , 0 , 16 , 16777216 , 8 , 0 , 1024 , 2.4928, 0.9987, 0.9993
ijpeg_results/ijpeg_2lev_PAG-4-8-0_PAP-16-8-0_128.out, 4 , 256 , 8 , 0 , 16 , 16777216 , 8 , 0 , 128 , 2.4925, 0.9987, 0.9992
ijpeg_results/ijpeg_2lev_PAG-4-8-0_PAP-16-8-0_256.out, 4 , 256 , 8 , 0 , 16 , 16777216 , 8 , 0 , 256 , 2.4925, 0.9987, 0.9992
ijpeg_results/ijpeg_2lev_PAG-4-8-0_PAP-16-8-0_4096.out, 4 , 256 , 8 , 0 , 16 , 16777216 , 8 , 0 , 4096 , 2.4927, 0.9987, 0.9993
ijpeg_results/ijpeg_2lev_PAG-4-8-0_PAP-16-8-0_512.out, 4 , 256 , 8 , 0 , 16 , 16777216 , 8 , 0 , 512 , 2.4926, 0.9987, 0.9993
ijpeg_results/ijpeg_2lev_PAG-4-8-0_PAP-4-16-0_1024.out, 4 , 256 , 8 , 0 , 4 , 1048576 , 16 , 0 , 1024 , 2.4921, 0.9984, 0.9989
ijpeg_results/ijpeg_2lev_PAG-4-8-0_PAP-4-16-0_128.out, 4 , 256 , 8 , 0 , 4 , 1048576 , 16 , 0 , 128 , 2.4922, 0.9984, 0.9989
ijpeg_results/ijpeg_2lev_PAG-4-8-0_PAP-4-16-0_256.out, 4 , 256 , 8 , 0 , 4 , 1048576 , 16 , 0 , 256 , 2.4922, 0.9984, 0.9989
ijpeg_results/ijpeg_2lev_PAG-4-8-0_PAP-4-16-0_4096.out, 4 , 256 , 8 , 0 , 4 , 1048576 , 16 , 0 , 4096 , 2.4921, 0.9984, 0.9989
ijpeg_results/ijpeg_2lev_PAG-4-8-0_PAP-4-16-0_512.out, 4 , 256 , 8 , 0 , 4 , 1048576 , 16 , 0 , 512 , 2.4921, 0.9984, 0.9989
ijpeg_results/ijpeg_2lev_PAG-4-8-0_PAP-4-4-0_1024.out, 4 , 256 , 8 , 0 , 4 , 256 , 4 , 0 , 1024 , 2.4920, 0.9985, 0.9991
ijpeg_results/ijpeg_2lev_PAG-4-8-0_PAP-4-4-0_128.out, 4 , 256 , 8 , 0 , 4 , 256 , 4 , 0 , 128 , 2.4918, 0.9985, 0.9991
ijpeg_results/ijpeg_2lev_PAG-4-8-0_PAP-4-4-0_256.out, 4 , 256 , 8 , 0 , 4 , 256 , 4 , 0 , 256 , 2.4918, 0.9985, 0.9991
ijpeg_results/ijpeg_2lev_PAG-4-8-0_PAP-4-4-0_4096.out, 4 , 256 , 8 , 0 , 4 , 256 , 4 , 0 , 4096 , 2.4919, 0.9985, 0.9991
ijpeg_results/ijpeg_2lev_PAG-4-8-0_PAP-4-4-0_512.out, 4 , 256 , 8 , 0 , 4 , 256 , 4 , 0 , 512 , 2.4919, 0.9985, 0.9991
ijpeg_results/ijpeg_2lev_PAG-4-8-0_PAP-4-8-0_1024.out, 4 , 256 , 8 , 0 , 4 , 4096 , 8 , 0 , 1024 , 2.4922, 0.9985, 0.9990
ijpeg_results/ijpeg_2lev_PAG-4-8-0_PAP-4-8-0_128.out, 4 , 256 , 8 , 0 , 4 , 4096 , 8 , 0 , 128 , 2.4921, 0.9985, 0.9990
ijpeg_results/ijpeg_2lev_PAG-4-8-0_PAP-4-8-0_256.out, 4 , 256 , 8 , 0 , 4 , 4096 , 8 , 0 , 256 , 2.4922, 0.9985, 0.9990
ijpeg_results/ijpeg_2lev_PAG-4-8-0_PAP-4-8-0_4096.out, 4 , 256 , 8 , 0 , 4 , 4096 , 8 , 0 , 4096 , 2.4922, 0.9985, 0.9990
ijpeg_results/ijpeg_2lev_PAG-4-8-0_PAP-4-8-0_512.out, 4 , 256 , 8 , 0 , 4 , 4096 , 8 , 0 , 512 , 2.4922, 0.9985, 0.9990
ijpeg_results/ijpeg_2lev_PAG-4-8-0_PAP-8-16-0_1024.out, 4 , 256 , 8 , 0 , 8 , 16777216 , 16 , 0 , 1024 , 2.4925, 0.9986, 0.9991
ijpeg_results/ijpeg_2lev_PAG-4-8-0_PAP-8-16-0_128.out, 4 , 256 , 8 , 0 , 8 , 16777216 , 16 , 0 , 128 , 2.4920, 0.9986, 0.9991
ijpeg_results/ijpeg_2lev_PAG-4-8-0_PAP-8-16-0_256.out, 4 , 256 , 8 , 0 , 8 , 16777216 , 16 , 0 , 256 , 2.4923, 0.9986, 0.9991
ijpeg_results/ijpeg_2lev_PAG-4-8-0_PAP-8-16-0_4096.out, 4 , 256 , 8 , 0 , 8 , 16777216 , 16 , 0 , 4096 , 2.4923, 0.9986, 0.9991
ijpeg_results/ijpeg_2lev_PAG-4-8-0_PAP-8-16-0_512.out, 4 , 256 , 8 , 0 , 8 , 16777216 , 16 , 0 , 512 , 2.4922, 0.9986, 0.9991
ijpeg_results/ijpeg_2lev_PAG-4-8-0_PAP-8-4-0_1024.out, 4 , 256 , 8 , 0 , 8 , 4096 , 4 , 0 , 1024 , 2.4929, 0.9987, 0.9992
ijpeg_results/ijpeg_2lev_PAG-4-8-0_PAP-8-4-0_128.out, 4 , 256 , 8 , 0 , 8 , 4096 , 4 , 0 , 128 , 2.4926, 0.9987, 0.9992
ijpeg_results/ijpeg_2lev_PAG-4-8-0_PAP-8-4-0_256.out, 4 , 256 , 8 , 0 , 8 , 4096 , 4 , 0 , 256 , 2.4928, 0.9987, 0.9992
ijpeg_results/ijpeg_2lev_PAG-4-8-0_PAP-8-4-0_4096.out, 4 , 256 , 8 , 0 , 8 , 4096 , 4 , 0 , 4096 , 2.4927, 0.9987, 0.9992
ijpeg_results/ijpeg_2lev_PAG-4-8-0_PAP-8-4-0_512.out, 4 , 256 , 8 , 0 , 8 , 4096 , 4 , 0 , 512 , 2.4926, 0.9987, 0.9992
ijpeg_results/ijpeg_2lev_PAG-4-8-0_PAP-8-8-0_1024.out, 4 , 256 , 8 , 0 , 8 , 65536 , 8 , 0 , 1024 , 2.4927, 0.9987, 0.9992
ijpeg_results/ijpeg_2lev_PAG-4-8-0_PAP-8-8-0_128.out, 4 , 256 , 8 , 0 , 8 , 65536 , 8 , 0 , 128 , 2.4922, 0.9986, 0.9991
ijpeg_results/ijpeg_2lev_PAG-4-8-0_PAP-8-8-0_256.out, 4 , 256 , 8 , 0 , 8 , 65536 , 8 , 0 , 256 , 2.4925, 0.9986, 0.9991
ijpeg_results/ijpeg_2lev_PAG-4-8-0_PAP-8-8-0_4096.out, 4 , 256 , 8 , 0 , 8 , 65536 , 8 , 0 , 4096 , 2.4925, 0.9987, 0.9992
ijpeg_results/ijpeg_2lev_PAG-4-8-0_PAP-8-8-0_512.out, 4 , 256 , 8 , 0 , 8 , 65536 , 8 , 0 , 512 , 2.4924, 0.9986, 0.9992
ijpeg_results/ijpeg_2lev_PAG-8-16-0_PAP-16-4-0_1024.out, 8 , 65536 , 16 , 0 , 16 , 1048576 , 4 , 0 , 1024 , 2.4926, 0.9988, 0.9993
ijpeg_results/ijpeg_2lev_PAG-8-16-0_PAP-16-4-0_128.out, 8 , 65536 , 16 , 0 , 16 , 1048576 , 4 , 0 , 128 , 2.4927, 0.9988, 0.9993
ijpeg_results/ijpeg_2lev_PAG-8-16-0_PAP-16-4-0_256.out, 8 , 65536 , 16 , 0 , 16 , 1048576 , 4 , 0 , 256 , 2.4927, 0.9988, 0.9993
ijpeg_results/ijpeg_2lev_PAG-8-16-0_PAP-16-4-0_4096.out, 8 , 65536 , 16 , 0 , 16 , 1048576 , 4 , 0 , 4096 , 2.4926, 0.9988, 0.9993
ijpeg_results/ijpeg_2lev_PAG-8-16-0_PAP-16-4-0_512.out, 8 , 65536 , 16 , 0 , 16 , 1048576 , 4 , 0 , 512 , 2.4926, 0.9988, 0.9993
ijpeg_results/ijpeg_2lev_PAG-8-16-0_PAP-16-8-0_1024.out, 8 , 65536 , 16 , 0 , 16 , 16777216 , 8 , 0 , 1024 , 2.4922, 0.9987, 0.9993
ijpeg_results/ijpeg_2lev_PAG-8-16-0_PAP-16-8-0_128.out, 8 , 65536 , 16 , 0 , 16 , 16777216 , 8 , 0 , 128 , 2.4922, 0.9987, 0.9993
ijpeg_results/ijpeg_2lev_PAG-8-16-0_PAP-16-8-0_256.out, 8 , 65536 , 16 , 0 , 16 , 16777216 , 8 , 0 , 256 , 2.4922, 0.9987, 0.9993
ijpeg_results/ijpeg_2lev_PAG-8-16-0_PAP-16-8-0_4096.out, 8 , 65536 , 16 , 0 , 16 , 16777216 , 8 , 0 , 4096 , 2.4922, 0.9987, 0.9993
ijpeg_results/ijpeg_2lev_PAG-8-16-0_PAP-16-8-0_512.out, 8 , 65536 , 16 , 0 , 16 , 16777216 , 8 , 0 , 512 , 2.4922, 0.9987, 0.9993
ijpeg_results/ijpeg_2lev_PAG-8-16-0_PAP-4-16-0_1024.out, 8 , 65536 , 16 , 0 , 4 , 1048576 , 16 , 0 , 1024 , 2.4915, 0.9984, 0.9990
ijpeg_results/ijpeg_2lev_PAG-8-16-0_PAP-4-16-0_128.out, 8 , 65536 , 16 , 0 , 4 , 1048576 , 16 , 0 , 128 , 2.4915, 0.9984, 0.9990
ijpeg_results/ijpeg_2lev_PAG-8-16-0_PAP-4-16-0_256.out, 8 , 65536 , 16 , 0 , 4 , 1048576 , 16 , 0 , 256 , 2.4915, 0.9984, 0.9990
ijpeg_results/ijpeg_2lev_PAG-8-16-0_PAP-4-16-0_4096.out, 8 , 65536 , 16 , 0 , 4 , 1048576 , 16 , 0 , 4096 , 2.4914, 0.9984, 0.9990
ijpeg_results/ijpeg_2lev_PAG-8-16-0_PAP-4-16-0_512.out, 8 , 65536 , 16 , 0 , 4 , 1048576 , 16 , 0 , 512 , 2.4915, 0.9984, 0.9990
ijpeg_results/ijpeg_2lev_PAG-8-16-0_PAP-4-4-0_1024.out, 8 , 65536 , 16 , 0 , 4 , 256 , 4 , 0 , 1024 , 2.4845, 0.9941, 0.9946
ijpeg_results/ijpeg_2lev_PAG-8-16-0_PAP-4-4-0_128.out, 8 , 65536 , 16 , 0 , 4 , 256 , 4 , 0 , 128 , 2.4915, 0.9985, 0.9991
ijpeg_results/ijpeg_2lev_PAG-8-16-0_PAP-4-4-0_256.out, 8 , 65536 , 16 , 0 , 4 , 256 , 4 , 0 , 256 , 2.4917, 0.9985, 0.9991
ijpeg_results/ijpeg_2lev_PAG-8-16-0_PAP-4-4-0_4096.out, 8 , 65536 , 16 , 0 , 4 , 256 , 4 , 0 , 4096 , 2.4845, 0.9941, 0.9946
ijpeg_results/ijpeg_2lev_PAG-8-16-0_PAP-4-4-0_512.out, 8 , 65536 , 16 , 0 , 4 , 256 , 4 , 0 , 512 , 2.4845, 0.9941, 0.9946
ijpeg_results/ijpeg_2lev_PAG-8-16-0_PAP-4-8-0_1024.out, 8 , 65536 , 16 , 0 , 4 , 4096 , 8 , 0 , 1024 , 2.4917, 0.9985, 0.9991
ijpeg_results/ijpeg_2lev_PAG-8-16-0_PAP-4-8-0_128.out, 8 , 65536 , 16 , 0 , 4 , 4096 , 8 , 0 , 128 , 2.4917, 0.9985, 0.9991
ijpeg_results/ijpeg_2lev_PAG-8-16-0_PAP-4-8-0_256.out, 8 , 65536 , 16 , 0 , 4 , 4096 , 8 , 0 , 256 , 2.4917, 0.9985, 0.9991
ijpeg_results/ijpeg_2lev_PAG-8-16-0_PAP-4-8-0_4096.out, 8 , 65536 , 16 , 0 , 4 , 4096 , 8 , 0 , 4096 , 2.4916, 0.9985, 0.9991
ijpeg_results/ijpeg_2lev_PAG-8-16-0_PAP-4-8-0_512.out, 8 , 65536 , 16 , 0 , 4 , 4096 , 8 , 0 , 512 , 2.4917, 0.9985, 0.9991
ijpeg_results/ijpeg_2lev_PAG-8-16-0_PAP-8-16-0_1024.out, 8 , 65536 , 16 , 0 , 8 , 16777216 , 16 , 0 , 1024 , 2.4915, 0.9985, 0.9991
ijpeg_results/ijpeg_2lev_PAG-8-16-0_PAP-8-16-0_128.out, 8 , 65536 , 16 , 0 , 8 , 16777216 , 16 , 0 , 128 , 2.4916, 0.9985, 0.9991
ijpeg_results/ijpeg_2lev_PAG-8-16-0_PAP-8-16-0_256.out, 8 , 65536 , 16 , 0 , 8 , 16777216 , 16 , 0 , 256 , 2.4916, 0.9985, 0.9991
ijpeg_results/ijpeg_2lev_PAG-8-16-0_PAP-8-16-0_4096.out, 8 , 65536 , 16 , 0 , 8 , 16777216 , 16 , 0 , 4096 , 2.4915, 0.9985, 0.9991
ijpeg_results/ijpeg_2lev_PAG-8-16-0_PAP-8-16-0_512.out, 8 , 65536 , 16 , 0 , 8 , 16777216 , 16 , 0 , 512 , 2.4915, 0.9985, 0.9991
ijpeg_results/ijpeg_2lev_PAG-8-16-0_PAP-8-4-0_1024.out, 8 , 65536 , 16 , 0 , 8 , 4096 , 4 , 0 , 1024 , 2.4922, 0.9987, 0.9992
ijpeg_results/ijpeg_2lev_PAG-8-16-0_PAP-8-4-0_128.out, 8 , 65536 , 16 , 0 , 8 , 4096 , 4 , 0 , 128 , 2.4923, 0.9987, 0.9993
ijpeg_results/ijpeg_2lev_PAG-8-16-0_PAP-8-4-0_256.out, 8 , 65536 , 16 , 0 , 8 , 4096 , 4 , 0 , 256 , 2.4923, 0.9987, 0.9993
ijpeg_results/ijpeg_2lev_PAG-8-16-0_PAP-8-4-0_4096.out, 8 , 65536 , 16 , 0 , 8 , 4096 , 4 , 0 , 4096 , 2.4922, 0.9987, 0.9992
ijpeg_results/ijpeg_2lev_PAG-8-16-0_PAP-8-4-0_512.out, 8 , 65536 , 16 , 0 , 8 , 4096 , 4 , 0 , 512 , 2.4922, 0.9987, 0.9992
ijpeg_results/ijpeg_2lev_PAG-8-16-0_PAP-8-8-0_1024.out, 8 , 65536 , 16 , 0 , 8 , 65536 , 8 , 0 , 1024 , 2.4918, 0.9986, 0.9992
ijpeg_results/ijpeg_2lev_PAG-8-16-0_PAP-8-8-0_128.out, 8 , 65536 , 16 , 0 , 8 , 65536 , 8 , 0 , 128 , 2.4919, 0.9986, 0.9992
ijpeg_results/ijpeg_2lev_PAG-8-16-0_PAP-8-8-0_256.out, 8 , 65536 , 16 , 0 , 8 , 65536 , 8 , 0 , 256 , 2.4919, 0.9986, 0.9992
ijpeg_results/ijpeg_2lev_PAG-8-16-0_PAP-8-8-0_4096.out, 8 , 65536 , 16 , 0 , 8 , 65536 , 8 , 0 , 4096 , 2.4918, 0.9986, 0.9992
ijpeg_results/ijpeg_2lev_PAG-8-16-0_PAP-8-8-0_512.out, 8 , 65536 , 16 , 0 , 8 , 65536 , 8 , 0 , 512 , 2.4918, 0.9986, 0.9992
ijpeg_results/ijpeg_2lev_PAG-8-4-0_PAP-16-4-0_1024.out, 8 , 16 , 4 , 0 , 16 , 1048576 , 4 , 0 , 1024 , 2.4925, 0.9987, 0.9993
ijpeg_results/ijpeg_2lev_PAG-8-4-0_PAP-16-4-0_128.out, 8 , 16 , 4 , 0 , 16 , 1048576 , 4 , 0 , 128 , 2.4927, 0.9988, 0.9993
ijpeg_results/ijpeg_2lev_PAG-8-4-0_PAP-16-4-0_256.out, 8 , 16 , 4 , 0 , 16 , 1048576 , 4 , 0 , 256 , 2.4926, 0.9987, 0.9993
ijpeg_results/ijpeg_2lev_PAG-8-4-0_PAP-16-4-0_4096.out, 8 , 16 , 4 , 0 , 16 , 1048576 , 4 , 0 , 4096 , 2.4925, 0.9987, 0.9993
ijpeg_results/ijpeg_2lev_PAG-8-4-0_PAP-16-4-0_512.out, 8 , 16 , 4 , 0 , 16 , 1048576 , 4 , 0 , 512 , 2.4925, 0.9987, 0.9993
ijpeg_results/ijpeg_2lev_PAG-8-4-0_PAP-16-8-0_1024.out, 8 , 16 , 4 , 0 , 16 , 16777216 , 8 , 0 , 1024 , 2.4923, 0.9987, 0.9993
ijpeg_results/ijpeg_2lev_PAG-8-4-0_PAP-16-8-0_128.out, 8 , 16 , 4 , 0 , 16 , 16777216 , 8 , 0 , 128 , 2.4925, 0.9987, 0.9993
ijpeg_results/ijpeg_2lev_PAG-8-4-0_PAP-16-8-0_256.out, 8 , 16 , 4 , 0 , 16 , 16777216 , 8 , 0 , 256 , 2.4925, 0.9987, 0.9993
ijpeg_results/ijpeg_2lev_PAG-8-4-0_PAP-16-8-0_4096.out, 8 , 16 , 4 , 0 , 16 , 16777216 , 8 , 0 , 4096 , 2.4923, 0.9987, 0.9993
ijpeg_results/ijpeg_2lev_PAG-8-4-0_PAP-16-8-0_512.out, 8 , 16 , 4 , 0 , 16 , 16777216 , 8 , 0 , 512 , 2.4923, 0.9987, 0.9993
ijpeg_results/ijpeg_2lev_PAG-8-4-0_PAP-4-16-0_1024.out, 8 , 16 , 4 , 0 , 4 , 1048576 , 16 , 0 , 1024 , 2.4923, 0.9984, 0.9990
ijpeg_results/ijpeg_2lev_PAG-8-4-0_PAP-4-16-0_128.out, 8 , 16 , 4 , 0 , 4 , 1048576 , 16 , 0 , 128 , 2.4924, 0.9985, 0.9990
ijpeg_results/ijpeg_2lev_PAG-8-4-0_PAP-4-16-0_256.out, 8 , 16 , 4 , 0 , 4 , 1048576 , 16 , 0 , 256 , 2.4923, 0.9984, 0.9990
ijpeg_results/ijpeg_2lev_PAG-8-4-0_PAP-4-16-0_4096.out, 8 , 16 , 4 , 0 , 4 , 1048576 , 16 , 0 , 4096 , 2.4925, 0.9985, 0.9990
ijpeg_results/ijpeg_2lev_PAG-8-4-0_PAP-4-16-0_512.out, 8 , 16 , 4 , 0 , 4 , 1048576 , 16 , 0 , 512 , 2.4922, 0.9984, 0.9990
ijpeg_results/ijpeg_2lev_PAG-8-4-0_PAP-4-4-0_1024.out, 8 , 16 , 4 , 0 , 4 , 256 , 4 , 0 , 1024 , 2.4848, 0.9940, 0.9946
ijpeg_results/ijpeg_2lev_PAG-8-4-0_PAP-4-4-0_128.out, 8 , 16 , 4 , 0 , 4 , 256 , 4 , 0 , 128 , 2.4846, 0.9940, 0.9946
ijpeg_results/ijpeg_2lev_PAG-8-4-0_PAP-4-4-0_256.out, 8 , 16 , 4 , 0 , 4 , 256 , 4 , 0 , 256 , 2.4848, 0.9940, 0.9946
ijpeg_results/ijpeg_2lev_PAG-8-4-0_PAP-4-4-0_4096.out, 8 , 16 , 4 , 0 , 4 , 256 , 4 , 0 , 4096 , 2.4848, 0.9940, 0.9946
ijpeg_results/ijpeg_2lev_PAG-8-4-0_PAP-4-4-0_512.out, 8 , 16 , 4 , 0 , 4 , 256 , 4 , 0 , 512 , 2.4847, 0.9940, 0.9946
ijpeg_results/ijpeg_2lev_PAG-8-4-0_PAP-4-8-0_1024.out, 8 , 16 , 4 , 0 , 4 , 4096 , 8 , 0 , 1024 , 2.4921, 0.9985, 0.9991
ijpeg_results/ijpeg_2lev_PAG-8-4-0_PAP-4-8-0_128.out, 8 , 16 , 4 , 0 , 4 , 4096 , 8 , 0 , 128 , 2.4923, 0.9986, 0.9991
ijpeg_results/ijpeg_2lev_PAG-8-4-0_PAP-4-8-0_256.out, 8 , 16 , 4 , 0 , 4 , 4096 , 8 , 0 , 256 , 2.4922, 0.9985, 0.9991
ijpeg_results/ijpeg_2lev_PAG-8-4-0_PAP-4-8-0_4096.out, 8 , 16 , 4 , 0 , 4 , 4096 , 8 , 0 , 4096 , 2.4922, 0.9985, 0.9991
ijpeg_results/ijpeg_2lev_PAG-8-4-0_PAP-4-8-0_512.out, 8 , 16 , 4 , 0 , 4 , 4096 , 8 , 0 , 512 , 2.4920, 0.9985, 0.9991
ijpeg_results/ijpeg_2lev_PAG-8-4-0_PAP-8-16-0_1024.out, 8 , 16 , 4 , 0 , 8 , 16777216 , 16 , 0 , 1024 , 2.4918, 0.9985, 0.9991
ijpeg_results/ijpeg_2lev_PAG-8-4-0_PAP-8-16-0_128.out, 8 , 16 , 4 , 0 , 8 , 16777216 , 16 , 0 , 128 , 2.4920, 0.9985, 0.9991
ijpeg_results/ijpeg_2lev_PAG-8-4-0_PAP-8-16-0_256.out, 8 , 16 , 4 , 0 , 8 , 16777216 , 16 , 0 , 256 , 2.4921, 0.9985, 0.9991
ijpeg_results/ijpeg_2lev_PAG-8-4-0_PAP-8-16-0_4096.out, 8 , 16 , 4 , 0 , 8 , 16777216 , 16 , 0 , 4096 , 2.4919, 0.9985, 0.9991
ijpeg_results/ijpeg_2lev_PAG-8-4-0_PAP-8-16-0_512.out, 8 , 16 , 4 , 0 , 8 , 16777216 , 16 , 0 , 512 , 2.4918, 0.9985, 0.9991
ijpeg_results/ijpeg_2lev_PAG-8-4-0_PAP-8-4-0_1024.out, 8 , 16 , 4 , 0 , 8 , 4096 , 4 , 0 , 1024 , 2.4921, 0.9986, 0.9992
ijpeg_results/ijpeg_2lev_PAG-8-4-0_PAP-8-4-0_128.out, 8 , 16 , 4 , 0 , 8 , 4096 , 4 , 0 , 128 , 2.4924, 0.9987, 0.9992
ijpeg_results/ijpeg_2lev_PAG-8-4-0_PAP-8-4-0_256.out, 8 , 16 , 4 , 0 , 8 , 4096 , 4 , 0 , 256 , 2.4924, 0.9987, 0.9992
ijpeg_results/ijpeg_2lev_PAG-8-4-0_PAP-8-4-0_4096.out, 8 , 16 , 4 , 0 , 8 , 4096 , 4 , 0 , 4096 , 2.4921, 0.9986, 0.9992
ijpeg_results/ijpeg_2lev_PAG-8-4-0_PAP-8-4-0_512.out, 8 , 16 , 4 , 0 , 8 , 4096 , 4 , 0 , 512 , 2.4921, 0.9986, 0.9992
ijpeg_results/ijpeg_2lev_PAG-8-4-0_PAP-8-8-0_1024.out, 8 , 16 , 4 , 0 , 8 , 65536 , 8 , 0 , 1024 , 2.4920, 0.9986, 0.9992
ijpeg_results/ijpeg_2lev_PAG-8-4-0_PAP-8-8-0_128.out, 8 , 16 , 4 , 0 , 8 , 65536 , 8 , 0 , 128 , 2.4922, 0.9986, 0.9992
ijpeg_results/ijpeg_2lev_PAG-8-4-0_PAP-8-8-0_256.out, 8 , 16 , 4 , 0 , 8 , 65536 , 8 , 0 , 256 , 2.4922, 0.9986, 0.9992
ijpeg_results/ijpeg_2lev_PAG-8-4-0_PAP-8-8-0_4096.out, 8 , 16 , 4 , 0 , 8 , 65536 , 8 , 0 , 4096 , 2.4921, 0.9986, 0.9992
ijpeg_results/ijpeg_2lev_PAG-8-4-0_PAP-8-8-0_512.out, 8 , 16 , 4 , 0 , 8 , 65536 , 8 , 0 , 512 , 2.4920, 0.9986, 0.9992
ijpeg_results/ijpeg_2lev_PAG-8-8-0_PAP-16-4-0_1024.out, 8 , 256 , 8 , 0 , 16 , 1048576 , 4 , 0 , 1024 , 2.4926, 0.9988, 0.9994
ijpeg_results/ijpeg_2lev_PAG-8-8-0_PAP-16-4-0_128.out, 8 , 256 , 8 , 0 , 16 , 1048576 , 4 , 0 , 128 , 2.4927, 0.9988, 0.9994
ijpeg_results/ijpeg_2lev_PAG-8-8-0_PAP-16-4-0_256.out, 8 , 256 , 8 , 0 , 16 , 1048576 , 4 , 0 , 256 , 2.4927, 0.9988, 0.9994
ijpeg_results/ijpeg_2lev_PAG-8-8-0_PAP-16-4-0_4096.out, 8 , 256 , 8 , 0 , 16 , 1048576 , 4 , 0 , 4096 , 2.4926, 0.9988, 0.9994
ijpeg_results/ijpeg_2lev_PAG-8-8-0_PAP-16-4-0_512.out, 8 , 256 , 8 , 0 , 16 , 1048576 , 4 , 0 , 512 , 2.4926, 0.9988, 0.9993
ijpeg_results/ijpeg_2lev_PAG-8-8-0_PAP-16-8-0_1024.out, 8 , 256 , 8 , 0 , 16 , 16777216 , 8 , 0 , 1024 , 2.4924, 0.9987, 0.9993
ijpeg_results/ijpeg_2lev_PAG-8-8-0_PAP-16-8-0_128.out, 8 , 256 , 8 , 0 , 16 , 16777216 , 8 , 0 , 128 , 2.4925, 0.9987, 0.9993
ijpeg_results/ijpeg_2lev_PAG-8-8-0_PAP-16-8-0_256.out, 8 , 256 , 8 , 0 , 16 , 16777216 , 8 , 0 , 256 , 2.4924, 0.9987, 0.9993
ijpeg_results/ijpeg_2lev_PAG-8-8-0_PAP-16-8-0_4096.out, 8 , 256 , 8 , 0 , 16 , 16777216 , 8 , 0 , 4096 , 2.4924, 0.9987, 0.9993
ijpeg_results/ijpeg_2lev_PAG-8-8-0_PAP-16-8-0_512.out, 8 , 256 , 8 , 0 , 16 , 16777216 , 8 , 0 , 512 , 2.4923, 0.9987, 0.9993
ijpeg_results/ijpeg_2lev_PAG-8-8-0_PAP-4-16-0_1024.out, 8 , 256 , 8 , 0 , 4 , 1048576 , 16 , 0 , 1024 , 2.4919, 0.9985, 0.9990
ijpeg_results/ijpeg_2lev_PAG-8-8-0_PAP-4-16-0_128.out, 8 , 256 , 8 , 0 , 4 , 1048576 , 16 , 0 , 128 , 2.4919, 0.9985, 0.9990
ijpeg_results/ijpeg_2lev_PAG-8-8-0_PAP-4-16-0_256.out, 8 , 256 , 8 , 0 , 4 , 1048576 , 16 , 0 , 256 , 2.4919, 0.9985, 0.9990
ijpeg_results/ijpeg_2lev_PAG-8-8-0_PAP-4-16-0_4096.out, 8 , 256 , 8 , 0 , 4 , 1048576 , 16 , 0 , 4096 , 2.4919, 0.9985, 0.9990
ijpeg_results/ijpeg_2lev_PAG-8-8-0_PAP-4-16-0_512.out, 8 , 256 , 8 , 0 , 4 , 1048576 , 16 , 0 , 512 , 2.4919, 0.9985, 0.9990
ijpeg_results/ijpeg_2lev_PAG-8-8-0_PAP-4-4-0_1024.out, 8 , 256 , 8 , 0 , 4 , 256 , 4 , 0 , 1024 , 2.4847, 0.9940, 0.9946
ijpeg_results/ijpeg_2lev_PAG-8-8-0_PAP-4-4-0_128.out, 8 , 256 , 8 , 0 , 4 , 256 , 4 , 0 , 128 , 2.4848, 0.9941, 0.9946
ijpeg_results/ijpeg_2lev_PAG-8-8-0_PAP-4-4-0_256.out, 8 , 256 , 8 , 0 , 4 , 256 , 4 , 0 , 256 , 2.4848, 0.9940, 0.9946
ijpeg_results/ijpeg_2lev_PAG-8-8-0_PAP-4-4-0_4096.out, 8 , 256 , 8 , 0 , 4 , 256 , 4 , 0 , 4096 , 2.4846, 0.9940, 0.9946
ijpeg_results/ijpeg_2lev_PAG-8-8-0_PAP-4-4-0_512.out, 8 , 256 , 8 , 0 , 4 , 256 , 4 , 0 , 512 , 2.4847, 0.9940, 0.9946
ijpeg_results/ijpeg_2lev_PAG-8-8-0_PAP-4-8-0_1024.out, 8 , 256 , 8 , 0 , 4 , 4096 , 8 , 0 , 1024 , 2.4920, 0.9985, 0.9991
ijpeg_results/ijpeg_2lev_PAG-8-8-0_PAP-4-8-0_128.out, 8 , 256 , 8 , 0 , 4 , 4096 , 8 , 0 , 128 , 2.4918, 0.9985, 0.9990
ijpeg_results/ijpeg_2lev_PAG-8-8-0_PAP-4-8-0_256.out, 8 , 256 , 8 , 0 , 4 , 4096 , 8 , 0 , 256 , 2.4920, 0.9985, 0.9991
ijpeg_results/ijpeg_2lev_PAG-8-8-0_PAP-4-8-0_4096.out, 8 , 256 , 8 , 0 , 4 , 4096 , 8 , 0 , 4096 , 2.4920, 0.9985, 0.9991
ijpeg_results/ijpeg_2lev_PAG-8-8-0_PAP-4-8-0_512.out, 8 , 256 , 8 , 0 , 4 , 4096 , 8 , 0 , 512 , 2.4920, 0.9985, 0.9991
ijpeg_results/ijpeg_2lev_PAG-8-8-0_PAP-8-16-0_1024.out, 8 , 256 , 8 , 0 , 8 , 16777216 , 16 , 0 , 1024 , 2.4917, 0.9986, 0.9991
ijpeg_results/ijpeg_2lev_PAG-8-8-0_PAP-8-16-0_128.out, 8 , 256 , 8 , 0 , 8 , 16777216 , 16 , 0 , 128 , 2.4920, 0.9986, 0.9991
ijpeg_results/ijpeg_2lev_PAG-8-8-0_PAP-8-16-0_256.out, 8 , 256 , 8 , 0 , 8 , 16777216 , 16 , 0 , 256 , 2.4919, 0.9986, 0.9991
ijpeg_results/ijpeg_2lev_PAG-8-8-0_PAP-8-16-0_4096.out, 8 , 256 , 8 , 0 , 8 , 16777216 , 16 , 0 , 4096 , 2.4917, 0.9986, 0.9991
ijpeg_results/ijpeg_2lev_PAG-8-8-0_PAP-8-16-0_512.out, 8 , 256 , 8 , 0 , 8 , 16777216 , 16 , 0 , 512 , 2.4917, 0.9986, 0.9991
ijpeg_results/ijpeg_2lev_PAG-8-8-0_PAP-8-4-0_1024.out, 8 , 256 , 8 , 0 , 8 , 4096 , 4 , 0 , 1024 , 2.4921, 0.9987, 0.9992
ijpeg_results/ijpeg_2lev_PAG-8-8-0_PAP-8-4-0_128.out, 8 , 256 , 8 , 0 , 8 , 4096 , 4 , 0 , 128 , 2.4925, 0.9987, 0.9993
ijpeg_results/ijpeg_2lev_PAG-8-8-0_PAP-8-4-0_256.out, 8 , 256 , 8 , 0 , 8 , 4096 , 4 , 0 , 256 , 2.4924, 0.9987, 0.9993
ijpeg_results/ijpeg_2lev_PAG-8-8-0_PAP-8-4-0_4096.out, 8 , 256 , 8 , 0 , 8 , 4096 , 4 , 0 , 4096 , 2.4921, 0.9987, 0.9992
ijpeg_results/ijpeg_2lev_PAG-8-8-0_PAP-8-4-0_512.out, 8 , 256 , 8 , 0 , 8 , 4096 , 4 , 0 , 512 , 2.4921, 0.9987, 0.9992
ijpeg_results/ijpeg_2lev_PAG-8-8-0_PAP-8-8-0_1024.out, 8 , 256 , 8 , 0 , 8 , 65536 , 8 , 0 , 1024 , 2.4918, 0.9986, 0.9992
ijpeg_results/ijpeg_2lev_PAG-8-8-0_PAP-8-8-0_128.out, 8 , 256 , 8 , 0 , 8 , 65536 , 8 , 0 , 128 , 2.4920, 0.9986, 0.9992
ijpeg_results/ijpeg_2lev_PAG-8-8-0_PAP-8-8-0_256.out, 8 , 256 , 8 , 0 , 8 , 65536 , 8 , 0 , 256 , 2.4920, 0.9986, 0.9992
ijpeg_results/ijpeg_2lev_PAG-8-8-0_PAP-8-8-0_4096.out, 8 , 256 , 8 , 0 , 8 , 65536 , 8 , 0 , 4096 , 2.4918, 0.9986, 0.9992
ijpeg_results/ijpeg_2lev_PAG-8-8-0_PAP-8-8-0_512.out, 8 , 256 , 8 , 0 , 8 , 65536 , 8 , 0 , 512 , 2.4918, 0.9986, 0.9992
