pearl_results/pearl_2lev_PAG-16-16-0_PAP-16-4-0_1024.out, 16 , 65536 , 16 , 0 , 16 , 1048576 , 4 , 0 , 1024 , 0.9790, 0.9143, 0.9582
pearl_results/pearl_2lev_PAG-16-16-0_PAP-16-4-0_128.out, 16 , 65536 , 16 , 0 , 16 , 1048576 , 4 , 0 , 128 , 0.9782, 0.9137, 0.9576
pearl_results/pearl_2lev_PAG-16-16-0_PAP-16-4-0_256.out, 16 , 65536 , 16 , 0 , 16 , 1048576 , 4 , 0 , 256 , 0.9779, 0.9138, 0.9576
pearl_results/pearl_2lev_PAG-16-16-0_PAP-16-4-0_4096.out, 16 , 65536 , 16 , 0 , 16 , 1048576 , 4 , 0 , 4096 , 0.9790, 0.9143, 0.9582
pearl_results/pearl_2lev_PAG-16-16-0_PAP-16-4-0_512.out, 16 , 65536 , 16 , 0 , 16 , 1048576 , 4 , 0 , 512 , 0.9791, 0.9145, 0.9584
pearl_results/pearl_2lev_PAG-16-16-0_PAP-16-8-0_1024.out, 16 , 65536 , 16 , 0 , 16 , 16777216 , 8 , 0 , 1024 , 0.9706, 0.9055, 0.9495
pearl_results/pearl_2lev_PAG-16-16-0_PAP-16-8-0_128.out, 16 , 65536 , 16 , 0 , 16 , 16777216 , 8 , 0 , 128 , 0.9713, 0.9057, 0.9497
pearl_results/pearl_2lev_PAG-16-16-0_PAP-16-8-0_256.out, 16 , 65536 , 16 , 0 , 16 , 16777216 , 8 , 0 , 256 , 0.9710, 0.9058, 0.9498
pearl_results/pearl_2lev_PAG-16-16-0_PAP-16-8-0_4096.out, 16 , 65536 , 16 , 0 , 16 , 16777216 , 8 , 0 , 4096 , 0.9711, 0.9055, 0.9495
pearl_results/pearl_2lev_PAG-16-16-0_PAP-16-8-0_512.out, 16 , 65536 , 16 , 0 , 16 , 16777216 , 8 , 0 , 512 , 0.9708, 0.9057, 0.9497
pearl_results/pearl_2lev_PAG-16-16-0_PAP-4-16-0_1024.out, 16 , 65536 , 16 , 0 , 4 , 1048576 , 16 , 0 , 1024 , 0.9607, 0.8948, 0.9391
pearl_results/pearl_2lev_PAG-16-16-0_PAP-4-16-0_128.out, 16 , 65536 , 16 , 0 , 4 , 1048576 , 16 , 0 , 128 , 0.9590, 0.8919, 0.9363
pearl_results/pearl_2lev_PAG-16-16-0_PAP-4-16-0_256.out, 16 , 65536 , 16 , 0 , 4 , 1048576 , 16 , 0 , 256 , 0.9597, 0.8933, 0.9375
pearl_results/pearl_2lev_PAG-16-16-0_PAP-4-16-0_4096.out, 16 , 65536 , 16 , 0 , 4 , 1048576 , 16 , 0 , 4096 , 0.9609, 0.8949, 0.9392
pearl_results/pearl_2lev_PAG-16-16-0_PAP-4-16-0_512.out, 16 , 65536 , 16 , 0 , 4 , 1048576 , 16 , 0 , 512 , 0.9606, 0.8944, 0.9387
pearl_results/pearl_2lev_PAG-16-16-0_PAP-4-4-0_1024.out, 16 , 65536 , 16 , 0 , 4 , 256 , 4 , 0 , 1024 , 0.9514, 0.8848, 0.9293
pearl_results/pearl_2lev_PAG-16-16-0_PAP-4-4-0_128.out, 16 , 65536 , 16 , 0 , 4 , 256 , 4 , 0 , 128 , 0.9484, 0.8805, 0.9254
pearl_results/pearl_2lev_PAG-16-16-0_PAP-4-4-0_256.out, 16 , 65536 , 16 , 0 , 4 , 256 , 4 , 0 , 256 , 0.9489, 0.8819, 0.9267
pearl_results/pearl_2lev_PAG-16-16-0_PAP-4-4-0_4096.out, 16 , 65536 , 16 , 0 , 4 , 256 , 4 , 0 , 4096 , 0.9519, 0.8853, 0.9298
pearl_results/pearl_2lev_PAG-16-16-0_PAP-4-4-0_512.out, 16 , 65536 , 16 , 0 , 4 , 256 , 4 , 0 , 512 , 0.9504, 0.8840, 0.9286
pearl_results/pearl_2lev_PAG-16-16-0_PAP-4-8-0_1024.out, 16 , 65536 , 16 , 0 , 4 , 4096 , 8 , 0 , 1024 , 0.9608, 0.8947, 0.9392
pearl_results/pearl_2lev_PAG-16-16-0_PAP-4-8-0_128.out, 16 , 65536 , 16 , 0 , 4 , 4096 , 8 , 0 , 128 , 0.9602, 0.8934, 0.9381
pearl_results/pearl_2lev_PAG-16-16-0_PAP-4-8-0_256.out, 16 , 65536 , 16 , 0 , 4 , 4096 , 8 , 0 , 256 , 0.9612, 0.8939, 0.9384
pearl_results/pearl_2lev_PAG-16-16-0_PAP-4-8-0_4096.out, 16 , 65536 , 16 , 0 , 4 , 4096 , 8 , 0 , 4096 , 0.9613, 0.8952, 0.9396
pearl_results/pearl_2lev_PAG-16-16-0_PAP-4-8-0_512.out, 16 , 65536 , 16 , 0 , 4 , 4096 , 8 , 0 , 512 , 0.9611, 0.8945, 0.9390
pearl_results/pearl_2lev_PAG-16-16-0_PAP-8-16-0_1024.out, 16 , 65536 , 16 , 0 , 8 , 16777216 , 16 , 0 , 1024 , 0.9622, 0.8962, 0.9404
pearl_results/pearl_2lev_PAG-16-16-0_PAP-8-16-0_128.out, 16 , 65536 , 16 , 0 , 8 , 16777216 , 16 , 0 , 128 , 0.9610, 0.8948, 0.9391
pearl_results/pearl_2lev_PAG-16-16-0_PAP-8-16-0_256.out, 16 , 65536 , 16 , 0 , 8 , 16777216 , 16 , 0 , 256 , 0.9615, 0.8955, 0.9398
pearl_results/pearl_2lev_PAG-16-16-0_PAP-8-16-0_4096.out, 16 , 65536 , 16 , 0 , 8 , 16777216 , 16 , 0 , 4096 , 0.9623, 0.8964, 0.9407
pearl_results/pearl_2lev_PAG-16-16-0_PAP-8-16-0_512.out, 16 , 65536 , 16 , 0 , 8 , 16777216 , 16 , 0 , 512 , 0.9621, 0.8961, 0.9404
pearl_results/pearl_2lev_PAG-16-16-0_PAP-8-4-0_1024.out, 16 , 65536 , 16 , 0 , 8 , 4096 , 4 , 0 , 1024 , 0.9754, 0.9104, 0.9546
pearl_results/pearl_2lev_PAG-16-16-0_PAP-8-4-0_128.out, 16 , 65536 , 16 , 0 , 8 , 4096 , 4 , 0 , 128 , 0.9734, 0.9083, 0.9526
pearl_results/pearl_2lev_PAG-16-16-0_PAP-8-4-0_256.out, 16 , 65536 , 16 , 0 , 8 , 4096 , 4 , 0 , 256 , 0.9736, 0.9087, 0.9530
pearl_results/pearl_2lev_PAG-16-16-0_PAP-8-4-0_4096.out, 16 , 65536 , 16 , 0 , 8 , 4096 , 4 , 0 , 4096 , 0.9757, 0.9110, 0.9552
pearl_results/pearl_2lev_PAG-16-16-0_PAP-8-4-0_512.out, 16 , 65536 , 16 , 0 , 8 , 4096 , 4 , 0 , 512 , 0.9751, 0.9101, 0.9543
pearl_results/pearl_2lev_PAG-16-16-0_PAP-8-8-0_1024.out, 16 , 65536 , 16 , 0 , 8 , 65536 , 8 , 0 , 1024 , 0.9700, 0.9055, 0.9498
pearl_results/pearl_2lev_PAG-16-16-0_PAP-8-8-0_128.out, 16 , 65536 , 16 , 0 , 8 , 65536 , 8 , 0 , 128 , 0.9696, 0.9052, 0.9495
pearl_results/pearl_2lev_PAG-16-16-0_PAP-8-8-0_256.out, 16 , 65536 , 16 , 0 , 8 , 65536 , 8 , 0 , 256 , 0.9701, 0.9054, 0.9498
pearl_results/pearl_2lev_PAG-16-16-0_PAP-8-8-0_4096.out, 16 , 65536 , 16 , 0 , 8 , 65536 , 8 , 0 , 4096 , 0.9702, 0.9058, 0.9501
pearl_results/pearl_2lev_PAG-16-16-0_PAP-8-8-0_512.out, 16 , 65536 , 16 , 0 , 8 , 65536 , 8 , 0 , 512 , 0.9700, 0.9055, 0.9499
pearl_results/pearl_2lev_PAG-16-4-0_PAP-16-4-0_1024.out, 16 , 16 , 4 , 0 , 16 , 1048576 , 4 , 0 , 1024 , 0.9754, 0.9110, 0.9550
pearl_results/pearl_2lev_PAG-16-4-0_PAP-16-4-0_128.out, 16 , 16 , 4 , 0 , 16 , 1048576 , 4 , 0 , 128 , 0.9758, 0.9114, 0.9554
pearl_results/pearl_2lev_PAG-16-4-0_PAP-16-4-0_256.out, 16 , 16 , 4 , 0 , 16 , 1048576 , 4 , 0 , 256 , 0.9756, 0.9112, 0.9552
pearl_results/pearl_2lev_PAG-16-4-0_PAP-16-4-0_4096.out, 16 , 16 , 4 , 0 , 16 , 1048576 , 4 , 0 , 4096 , 0.9755, 0.9107, 0.9549
pearl_results/pearl_2lev_PAG-16-4-0_PAP-16-4-0_512.out, 16 , 16 , 4 , 0 , 16 , 1048576 , 4 , 0 , 512 , 0.9756, 0.9111, 0.9552
pearl_results/pearl_2lev_PAG-16-4-0_PAP-16-8-0_1024.out, 16 , 16 , 4 , 0 , 16 , 16777216 , 8 , 0 , 1024 , 0.9707, 0.9047, 0.9489
pearl_results/pearl_2lev_PAG-16-4-0_PAP-16-8-0_128.out, 16 , 16 , 4 , 0 , 16 , 16777216 , 8 , 0 , 128 , 0.9709, 0.9046, 0.9488
pearl_results/pearl_2lev_PAG-16-4-0_PAP-16-8-0_256.out, 16 , 16 , 4 , 0 , 16 , 16777216 , 8 , 0 , 256 , 0.9707, 0.9047, 0.9489
pearl_results/pearl_2lev_PAG-16-4-0_PAP-16-8-0_4096.out, 16 , 16 , 4 , 0 , 16 , 16777216 , 8 , 0 , 4096 , 0.9712, 0.9047, 0.9489
pearl_results/pearl_2lev_PAG-16-4-0_PAP-16-8-0_512.out, 16 , 16 , 4 , 0 , 16 , 16777216 , 8 , 0 , 512 , 0.9708, 0.9048, 0.9489
pearl_results/pearl_2lev_PAG-16-4-0_PAP-4-16-0_1024.out, 16 , 16 , 4 , 0 , 4 , 1048576 , 16 , 0 , 1024 , 0.9555, 0.8892, 0.9335
pearl_results/pearl_2lev_PAG-16-4-0_PAP-4-16-0_128.out, 16 , 16 , 4 , 0 , 4 , 1048576 , 16 , 0 , 128 , 0.9540, 0.8870, 0.9314
pearl_results/pearl_2lev_PAG-16-4-0_PAP-4-16-0_256.out, 16 , 16 , 4 , 0 , 4 , 1048576 , 16 , 0 , 256 , 0.9553, 0.8884, 0.9328
pearl_results/pearl_2lev_PAG-16-4-0_PAP-4-16-0_4096.out, 16 , 16 , 4 , 0 , 4 , 1048576 , 16 , 0 , 4096 , 0.9559, 0.8894, 0.9338
pearl_results/pearl_2lev_PAG-16-4-0_PAP-4-16-0_512.out, 16 , 16 , 4 , 0 , 4 , 1048576 , 16 , 0 , 512 , 0.9556, 0.8888, 0.9331
pearl_results/pearl_2lev_PAG-16-4-0_PAP-4-4-0_1024.out, 16 , 16 , 4 , 0 , 4 , 256 , 4 , 0 , 1024 , 0.9015, 0.8321, 0.8771
pearl_results/pearl_2lev_PAG-16-4-0_PAP-4-4-0_128.out, 16 , 16 , 4 , 0 , 4 , 256 , 4 , 0 , 128 , 0.8900, 0.8182, 0.8633
pearl_results/pearl_2lev_PAG-16-4-0_PAP-4-4-0_256.out, 16 , 16 , 4 , 0 , 4 , 256 , 4 , 0 , 256 , 0.8986, 0.8271, 0.8721
pearl_results/pearl_2lev_PAG-16-4-0_PAP-4-4-0_4096.out, 16 , 16 , 4 , 0 , 4 , 256 , 4 , 0 , 4096 , 0.9029, 0.8339, 0.8788
pearl_results/pearl_2lev_PAG-16-4-0_PAP-4-4-0_512.out, 16 , 16 , 4 , 0 , 4 , 256 , 4 , 0 , 512 , 0.8996, 0.8296, 0.8746
pearl_results/pearl_2lev_PAG-16-4-0_PAP-4-8-0_1024.out, 16 , 16 , 4 , 0 , 4 , 4096 , 8 , 0 , 1024 , 0.9522, 0.8866, 0.9312
pearl_results/pearl_2lev_PAG-16-4-0_PAP-4-8-0_128.out, 16 , 16 , 4 , 0 , 4 , 4096 , 8 , 0 , 128 , 0.9516, 0.8853, 0.9300
pearl_results/pearl_2lev_PAG-16-4-0_PAP-4-8-0_256.out, 16 , 16 , 4 , 0 , 4 , 4096 , 8 , 0 , 256 , 0.9526, 0.8863, 0.9309
pearl_results/pearl_2lev_PAG-16-4-0_PAP-4-8-0_4096.out, 16 , 16 , 4 , 0 , 4 , 4096 , 8 , 0 , 4096 , 0.9524, 0.8868, 0.9314
pearl_results/pearl_2lev_PAG-16-4-0_PAP-4-8-0_512.out, 16 , 16 , 4 , 0 , 4 , 4096 , 8 , 0 , 512 , 0.9522, 0.8864, 0.9310
pearl_results/pearl_2lev_PAG-16-4-0_PAP-8-16-0_1024.out, 16 , 16 , 4 , 0 , 8 , 16777216 , 16 , 0 , 1024 , 0.9603, 0.8937, 0.9381
pearl_results/pearl_2lev_PAG-16-4-0_PAP-8-16-0_128.out, 16 , 16 , 4 , 0 , 8 , 16777216 , 16 , 0 , 128 , 0.9590, 0.8922, 0.9366
pearl_results/pearl_2lev_PAG-16-4-0_PAP-8-16-0_256.out, 16 , 16 , 4 , 0 , 8 , 16777216 , 16 , 0 , 256 , 0.9597, 0.8930, 0.9375
pearl_results/pearl_2lev_PAG-16-4-0_PAP-8-16-0_4096.out, 16 , 16 , 4 , 0 , 8 , 16777216 , 16 , 0 , 4096 , 0.9606, 0.8940, 0.9383
pearl_results/pearl_2lev_PAG-16-4-0_PAP-8-16-0_512.out, 16 , 16 , 4 , 0 , 8 , 16777216 , 16 , 0 , 512 , 0.9603, 0.8935, 0.9378
pearl_results/pearl_2lev_PAG-16-4-0_PAP-8-4-0_1024.out, 16 , 16 , 4 , 0 , 8 , 4096 , 4 , 0 , 1024 , 0.9664, 0.9013, 0.9459
pearl_results/pearl_2lev_PAG-16-4-0_PAP-8-4-0_128.out, 16 , 16 , 4 , 0 , 8 , 4096 , 4 , 0 , 128 , 0.9647, 0.9002, 0.9447
pearl_results/pearl_2lev_PAG-16-4-0_PAP-8-4-0_256.out, 16 , 16 , 4 , 0 , 8 , 4096 , 4 , 0 , 256 , 0.9656, 0.9007, 0.9452
pearl_results/pearl_2lev_PAG-16-4-0_PAP-8-4-0_4096.out, 16 , 16 , 4 , 0 , 8 , 4096 , 4 , 0 , 4096 , 0.9669, 0.9020, 0.9464
pearl_results/pearl_2lev_PAG-16-4-0_PAP-8-4-0_512.out, 16 , 16 , 4 , 0 , 8 , 4096 , 4 , 0 , 512 , 0.9662, 0.9012, 0.9457
pearl_results/pearl_2lev_PAG-16-4-0_PAP-8-8-0_1024.out, 16 , 16 , 4 , 0 , 8 , 65536 , 8 , 0 , 1024 , 0.9686, 0.9039, 0.9483
pearl_results/pearl_2lev_PAG-16-4-0_PAP-8-8-0_128.out, 16 , 16 , 4 , 0 , 8 , 65536 , 8 , 0 , 128 , 0.9686, 0.9039, 0.9482
pearl_results/pearl_2lev_PAG-16-4-0_PAP-8-8-0_256.out, 16 , 16 , 4 , 0 , 8 , 65536 , 8 , 0 , 256 , 0.9688, 0.9041, 0.9485
pearl_results/pearl_2lev_PAG-16-4-0_PAP-8-8-0_4096.out, 16 , 16 , 4 , 0 , 8 , 65536 , 8 , 0 , 4096 , 0.9685, 0.9039, 0.9483
pearl_results/pearl_2lev_PAG-16-4-0_PAP-8-8-0_512.out, 16 , 16 , 4 , 0 , 8 , 65536 , 8 , 0 , 512 , 0.9688, 0.9039, 0.9483
pearl_results/pearl_2lev_PAG-16-8-0_PAP-16-4-0_1024.out, 16 , 256 , 8 , 0 , 16 , 1048576 , 4 , 0 , 1024 , 0.9765, 0.9110, 0.9551
pearl_results/pearl_2lev_PAG-16-8-0_PAP-16-4-0_128.out, 16 , 256 , 8 , 0 , 16 , 1048576 , 4 , 0 , 128 , 0.9767, 0.9116, 0.9555
pearl_results/pearl_2lev_PAG-16-8-0_PAP-16-4-0_256.out, 16 , 256 , 8 , 0 , 16 , 1048576 , 4 , 0 , 256 , 0.9762, 0.9112, 0.9552
pearl_results/pearl_2lev_PAG-16-8-0_PAP-16-4-0_4096.out, 16 , 256 , 8 , 0 , 16 , 1048576 , 4 , 0 , 4096 , 0.9764, 0.9108, 0.9550
pearl_results/pearl_2lev_PAG-16-8-0_PAP-16-4-0_512.out, 16 , 256 , 8 , 0 , 16 , 1048576 , 4 , 0 , 512 , 0.9766, 0.9112, 0.9552
pearl_results/pearl_2lev_PAG-16-8-0_PAP-16-8-0_1024.out, 16 , 256 , 8 , 0 , 16 , 16777216 , 8 , 0 , 1024 , 0.9700, 0.9039, 0.9482
pearl_results/pearl_2lev_PAG-16-8-0_PAP-16-8-0_128.out, 16 , 256 , 8 , 0 , 16 , 16777216 , 8 , 0 , 128 , 0.9703, 0.9042, 0.9483
pearl_results/pearl_2lev_PAG-16-8-0_PAP-16-8-0_256.out, 16 , 256 , 8 , 0 , 16 , 16777216 , 8 , 0 , 256 , 0.9705, 0.9043, 0.9485
pearl_results/pearl_2lev_PAG-16-8-0_PAP-16-8-0_4096.out, 16 , 256 , 8 , 0 , 16 , 16777216 , 8 , 0 , 4096 , 0.9704, 0.9040, 0.9482
pearl_results/pearl_2lev_PAG-16-8-0_PAP-16-8-0_512.out, 16 , 256 , 8 , 0 , 16 , 16777216 , 8 , 0 , 512 , 0.9701, 0.9041, 0.9483
pearl_results/pearl_2lev_PAG-16-8-0_PAP-4-16-0_1024.out, 16 , 256 , 8 , 0 , 4 , 1048576 , 16 , 0 , 1024 , 0.9575, 0.8910, 0.9355
pearl_results/pearl_2lev_PAG-16-8-0_PAP-4-16-0_128.out, 16 , 256 , 8 , 0 , 4 , 1048576 , 16 , 0 , 128 , 0.9546, 0.8875, 0.9321
pearl_results/pearl_2lev_PAG-16-8-0_PAP-4-16-0_256.out, 16 , 256 , 8 , 0 , 4 , 1048576 , 16 , 0 , 256 , 0.9568, 0.8897, 0.9343
pearl_results/pearl_2lev_PAG-16-8-0_PAP-4-16-0_4096.out, 16 , 256 , 8 , 0 , 4 , 1048576 , 16 , 0 , 4096 , 0.9585, 0.8917, 0.9363
pearl_results/pearl_2lev_PAG-16-8-0_PAP-4-16-0_512.out, 16 , 256 , 8 , 0 , 4 , 1048576 , 16 , 0 , 512 , 0.9574, 0.8906, 0.9352
pearl_results/pearl_2lev_PAG-16-8-0_PAP-4-4-0_1024.out, 16 , 256 , 8 , 0 , 4 , 256 , 4 , 0 , 1024 , 0.9195, 0.8459, 0.8909
pearl_results/pearl_2lev_PAG-16-8-0_PAP-4-4-0_128.out, 16 , 256 , 8 , 0 , 4 , 256 , 4 , 0 , 128 , 0.9079, 0.8336, 0.8785
pearl_results/pearl_2lev_PAG-16-8-0_PAP-4-4-0_256.out, 16 , 256 , 8 , 0 , 4 , 256 , 4 , 0 , 256 , 0.9153, 0.8409, 0.8858
pearl_results/pearl_2lev_PAG-16-8-0_PAP-4-4-0_4096.out, 16 , 256 , 8 , 0 , 4 , 256 , 4 , 0 , 4096 , 0.9212, 0.8480, 0.8929
pearl_results/pearl_2lev_PAG-16-8-0_PAP-4-4-0_512.out, 16 , 256 , 8 , 0 , 4 , 256 , 4 , 0 , 512 , 0.9186, 0.8444, 0.8894
pearl_results/pearl_2lev_PAG-16-8-0_PAP-4-8-0_1024.out, 16 , 256 , 8 , 0 , 4 , 4096 , 8 , 0 , 1024 , 0.9536, 0.8870, 0.9319
pearl_results/pearl_2lev_PAG-16-8-0_PAP-4-8-0_128.out, 16 , 256 , 8 , 0 , 4 , 4096 , 8 , 0 , 128 , 0.9513, 0.8849, 0.9296
pearl_results/pearl_2lev_PAG-16-8-0_PAP-4-8-0_256.out, 16 , 256 , 8 , 0 , 4 , 4096 , 8 , 0 , 256 , 0.9531, 0.8863, 0.9311
pearl_results/pearl_2lev_PAG-16-8-0_PAP-4-8-0_4096.out, 16 , 256 , 8 , 0 , 4 , 4096 , 8 , 0 , 4096 , 0.9540, 0.8873, 0.9322
pearl_results/pearl_2lev_PAG-16-8-0_PAP-4-8-0_512.out, 16 , 256 , 8 , 0 , 4 , 4096 , 8 , 0 , 512 , 0.9532, 0.8866, 0.9315
pearl_results/pearl_2lev_PAG-16-8-0_PAP-8-16-0_1024.out, 16 , 256 , 8 , 0 , 8 , 16777216 , 16 , 0 , 1024 , 0.9603, 0.8938, 0.9383
pearl_results/pearl_2lev_PAG-16-8-0_PAP-8-16-0_128.out, 16 , 256 , 8 , 0 , 8 , 16777216 , 16 , 0 , 128 , 0.9592, 0.8924, 0.9369
pearl_results/pearl_2lev_PAG-16-8-0_PAP-8-16-0_256.out, 16 , 256 , 8 , 0 , 8 , 16777216 , 16 , 0 , 256 , 0.9596, 0.8930, 0.9376
pearl_results/pearl_2lev_PAG-16-8-0_PAP-8-16-0_4096.out, 16 , 256 , 8 , 0 , 8 , 16777216 , 16 , 0 , 4096 , 0.9606, 0.8941, 0.9386
pearl_results/pearl_2lev_PAG-16-8-0_PAP-8-16-0_512.out, 16 , 256 , 8 , 0 , 8 , 16777216 , 16 , 0 , 512 , 0.9601, 0.8935, 0.9380
pearl_results/pearl_2lev_PAG-16-8-0_PAP-8-4-0_1024.out, 16 , 256 , 8 , 0 , 8 , 4096 , 4 , 0 , 1024 , 0.9687, 0.9025, 0.9472
pearl_results/pearl_2lev_PAG-16-8-0_PAP-8-4-0_128.out, 16 , 256 , 8 , 0 , 8 , 4096 , 4 , 0 , 128 , 0.9666, 0.9013, 0.9458
pearl_results/pearl_2lev_PAG-16-8-0_PAP-8-4-0_256.out, 16 , 256 , 8 , 0 , 8 , 4096 , 4 , 0 , 256 , 0.9668, 0.9015, 0.9461
pearl_results/pearl_2lev_PAG-16-8-0_PAP-8-4-0_4096.out, 16 , 256 , 8 , 0 , 8 , 4096 , 4 , 0 , 4096 , 0.9686, 0.9027, 0.9474
pearl_results/pearl_2lev_PAG-16-8-0_PAP-8-4-0_512.out, 16 , 256 , 8 , 0 , 8 , 4096 , 4 , 0 , 512 , 0.9682, 0.9024, 0.9469
pearl_results/pearl_2lev_PAG-16-8-0_PAP-8-8-0_1024.out, 16 , 256 , 8 , 0 , 8 , 65536 , 8 , 0 , 1024 , 0.9677, 0.9028, 0.9474
pearl_results/pearl_2lev_PAG-16-8-0_PAP-8-8-0_128.out, 16 , 256 , 8 , 0 , 8 , 65536 , 8 , 0 , 128 , 0.9686, 0.9031, 0.9475
pearl_results/pearl_2lev_PAG-16-8-0_PAP-8-8-0_256.out, 16 , 256 , 8 , 0 , 8 , 65536 , 8 , 0 , 256 , 0.9678, 0.9032, 0.9475
pearl_results/pearl_2lev_PAG-16-8-0_PAP-8-8-0_4096.out, 16 , 256 , 8 , 0 , 8 , 65536 , 8 , 0 , 4096 , 0.9678, 0.9029, 0.9475
pearl_results/pearl_2lev_PAG-16-8-0_PAP-8-8-0_512.out, 16 , 256 , 8 , 0 , 8 , 65536 , 8 , 0 , 512 , 0.9677, 0.9029, 0.9475
pearl_results/pearl_2lev_PAG-32-16-0_PAP-16-4-0_1024.out, 32 , 65536 , 16 , 0 , 16 , 1048576 , 4 , 0 , 1024 , 0.9797, 0.9145, 0.9586
pearl_results/pearl_2lev_PAG-32-16-0_PAP-16-4-0_128.out, 32 , 65536 , 16 , 0 , 16 , 1048576 , 4 , 0 , 128 , 0.9799, 0.9148, 0.9588
pearl_results/pearl_2lev_PAG-32-16-0_PAP-16-4-0_256.out, 32 , 65536 , 16 , 0 , 16 , 1048576 , 4 , 0 , 256 , 0.9796, 0.9146, 0.9586
pearl_results/pearl_2lev_PAG-32-16-0_PAP-16-4-0_4096.out, 32 , 65536 , 16 , 0 , 16 , 1048576 , 4 , 0 , 4096 , 0.9796, 0.9144, 0.9586
pearl_results/pearl_2lev_PAG-32-16-0_PAP-16-4-0_512.out, 32 , 65536 , 16 , 0 , 16 , 1048576 , 4 , 0 , 512 , 0.9798, 0.9144, 0.9586
pearl_results/pearl_2lev_PAG-32-16-0_PAP-16-8-0_1024.out, 32 , 65536 , 16 , 0 , 16 , 16777216 , 8 , 0 , 1024 , 0.9728, 0.9067, 0.9509
pearl_results/pearl_2lev_PAG-32-16-0_PAP-16-8-0_128.out, 32 , 65536 , 16 , 0 , 16 , 16777216 , 8 , 0 , 128 , 0.9725, 0.9063, 0.9505
pearl_results/pearl_2lev_PAG-32-16-0_PAP-16-8-0_256.out, 32 , 65536 , 16 , 0 , 16 , 16777216 , 8 , 0 , 256 , 0.9723, 0.9065, 0.9507
pearl_results/pearl_2lev_PAG-32-16-0_PAP-16-8-0_4096.out, 32 , 65536 , 16 , 0 , 16 , 16777216 , 8 , 0 , 4096 , 0.9728, 0.9068, 0.9510
pearl_results/pearl_2lev_PAG-32-16-0_PAP-16-8-0_512.out, 32 , 65536 , 16 , 0 , 16 , 16777216 , 8 , 0 , 512 , 0.9725, 0.9066, 0.9509
pearl_results/pearl_2lev_PAG-32-16-0_PAP-4-16-0_1024.out, 32 , 65536 , 16 , 0 , 4 , 1048576 , 16 , 0 , 1024 , 0.9671, 0.9016, 0.9461
pearl_results/pearl_2lev_PAG-32-16-0_PAP-4-16-0_128.out, 32 , 65536 , 16 , 0 , 4 , 1048576 , 16 , 0 , 128 , 0.9640, 0.8981, 0.9428
pearl_results/pearl_2lev_PAG-32-16-0_PAP-4-16-0_256.out, 32 , 65536 , 16 , 0 , 4 , 1048576 , 16 , 0 , 256 , 0.9663, 0.9004, 0.9450
pearl_results/pearl_2lev_PAG-32-16-0_PAP-4-16-0_4096.out, 32 , 65536 , 16 , 0 , 4 , 1048576 , 16 , 0 , 4096 , 0.9678, 0.9023, 0.9468
pearl_results/pearl_2lev_PAG-32-16-0_PAP-4-16-0_512.out, 32 , 65536 , 16 , 0 , 4 , 1048576 , 16 , 0 , 512 , 0.9666, 0.9010, 0.9455
pearl_results/pearl_2lev_PAG-32-16-0_PAP-4-4-0_1024.out, 32 , 65536 , 16 , 0 , 4 , 256 , 4 , 0 , 1024 , 0.9577, 0.8898, 0.9346
pearl_results/pearl_2lev_PAG-32-16-0_PAP-4-4-0_128.out, 32 , 65536 , 16 , 0 , 4 , 256 , 4 , 0 , 128 , 0.9548, 0.8861, 0.9310
pearl_results/pearl_2lev_PAG-32-16-0_PAP-4-4-0_256.out, 32 , 65536 , 16 , 0 , 4 , 256 , 4 , 0 , 256 , 0.9558, 0.8871, 0.9320
pearl_results/pearl_2lev_PAG-32-16-0_PAP-4-4-0_4096.out, 32 , 65536 , 16 , 0 , 4 , 256 , 4 , 0 , 4096 , 0.9575, 0.8901, 0.9349
pearl_results/pearl_2lev_PAG-32-16-0_PAP-4-4-0_512.out, 32 , 65536 , 16 , 0 , 4 , 256 , 4 , 0 , 512 , 0.9565, 0.8889, 0.9338
pearl_results/pearl_2lev_PAG-32-16-0_PAP-4-8-0_1024.out, 32 , 65536 , 16 , 0 , 4 , 4096 , 8 , 0 , 1024 , 0.9658, 0.9005, 0.9451
pearl_results/pearl_2lev_PAG-32-16-0_PAP-4-8-0_128.out, 32 , 65536 , 16 , 0 , 4 , 4096 , 8 , 0 , 128 , 0.9630, 0.8976, 0.9423
pearl_results/pearl_2lev_PAG-32-16-0_PAP-4-8-0_256.out, 32 , 65536 , 16 , 0 , 4 , 4096 , 8 , 0 , 256 , 0.9654, 0.8992, 0.9438
pearl_results/pearl_2lev_PAG-32-16-0_PAP-4-8-0_4096.out, 32 , 65536 , 16 , 0 , 4 , 4096 , 8 , 0 , 4096 , 0.9658, 0.9006, 0.9452
pearl_results/pearl_2lev_PAG-32-16-0_PAP-4-8-0_512.out, 32 , 65536 , 16 , 0 , 4 , 4096 , 8 , 0 , 512 , 0.9655, 0.9001, 0.9449
pearl_results/pearl_2lev_PAG-32-16-0_PAP-8-16-0_1024.out, 32 , 65536 , 16 , 0 , 8 , 16777216 , 16 , 0 , 1024 , 0.9676, 0.9016, 0.9460
pearl_results/pearl_2lev_PAG-32-16-0_PAP-8-16-0_128.out, 32 , 65536 , 16 , 0 , 8 , 16777216 , 16 , 0 , 128 , 0.9658, 0.8991, 0.9437
pearl_results/pearl_2lev_PAG-32-16-0_PAP-8-16-0_256.out, 32 , 65536 , 16 , 0 , 8 , 16777216 , 16 , 0 , 256 , 0.9665, 0.9003, 0.9449
pearl_results/pearl_2lev_PAG-32-16-0_PAP-8-16-0_4096.out, 32 , 65536 , 16 , 0 , 8 , 16777216 , 16 , 0 , 4096 , 0.9685, 0.9022, 0.9467
pearl_results/pearl_2lev_PAG-32-16-0_PAP-8-16-0_512.out, 32 , 65536 , 16 , 0 , 8 , 16777216 , 16 , 0 , 512 , 0.9672, 0.9011, 0.9456
pearl_results/pearl_2lev_PAG-32-16-0_PAP-8-4-0_1024.out, 32 , 65536 , 16 , 0 , 8 , 4096 , 4 , 0 , 1024 , 0.9759, 0.9100, 0.9546
pearl_results/pearl_2lev_PAG-32-16-0_PAP-8-4-0_128.out, 32 , 65536 , 16 , 0 , 8 , 4096 , 4 , 0 , 128 , 0.9731, 0.9079, 0.9525
pearl_results/pearl_2lev_PAG-32-16-0_PAP-8-4-0_256.out, 32 , 65536 , 16 , 0 , 8 , 4096 , 4 , 0 , 256 , 0.9736, 0.9083, 0.9527
pearl_results/pearl_2lev_PAG-32-16-0_PAP-8-4-0_4096.out, 32 , 65536 , 16 , 0 , 8 , 4096 , 4 , 0 , 4096 , 0.9763, 0.9105, 0.9551
pearl_results/pearl_2lev_PAG-32-16-0_PAP-8-4-0_512.out, 32 , 65536 , 16 , 0 , 8 , 4096 , 4 , 0 , 512 , 0.9756, 0.9096, 0.9542
pearl_results/pearl_2lev_PAG-32-16-0_PAP-8-8-0_1024.out, 32 , 65536 , 16 , 0 , 8 , 65536 , 8 , 0 , 1024 , 0.9718, 0.9068, 0.9512
pearl_results/pearl_2lev_PAG-32-16-0_PAP-8-8-0_128.out, 32 , 65536 , 16 , 0 , 8 , 65536 , 8 , 0 , 128 , 0.9712, 0.9062, 0.9507
pearl_results/pearl_2lev_PAG-32-16-0_PAP-8-8-0_256.out, 32 , 65536 , 16 , 0 , 8 , 65536 , 8 , 0 , 256 , 0.9717, 0.9068, 0.9513
pearl_results/pearl_2lev_PAG-32-16-0_PAP-8-8-0_4096.out, 32 , 65536 , 16 , 0 , 8 , 65536 , 8 , 0 , 4096 , 0.9720, 0.9069, 0.9515
pearl_results/pearl_2lev_PAG-32-16-0_PAP-8-8-0_512.out, 32 , 65536 , 16 , 0 , 8 , 65536 , 8 , 0 , 512 , 0.9719, 0.9068, 0.9513
pearl_results/pearl_2lev_PAG-32-4-0_PAP-16-4-0_1024.out, 32 , 16 , 4 , 0 , 16 , 1048576 , 4 , 0 , 1024 , 0.9754, 0.9106, 0.9547
pearl_results/pearl_2lev_PAG-32-4-0_PAP-16-4-0_128.out, 32 , 16 , 4 , 0 , 16 , 1048576 , 4 , 0 , 128 , 0.9757, 0.9113, 0.9553
pearl_results/pearl_2lev_PAG-32-4-0_PAP-16-4-0_256.out, 32 , 16 , 4 , 0 , 16 , 1048576 , 4 , 0 , 256 , 0.9755, 0.9110, 0.9550
pearl_results/pearl_2lev_PAG-32-4-0_PAP-16-4-0_4096.out, 32 , 16 , 4 , 0 , 16 , 1048576 , 4 , 0 , 4096 , 0.9760, 0.9108, 0.9550
pearl_results/pearl_2lev_PAG-32-4-0_PAP-16-4-0_512.out, 32 , 16 , 4 , 0 , 16 , 1048576 , 4 , 0 , 512 , 0.9754, 0.9108, 0.9548
pearl_results/pearl_2lev_PAG-32-4-0_PAP-16-8-0_1024.out, 32 , 16 , 4 , 0 , 16 , 16777216 , 8 , 0 , 1024 , 0.9710, 0.9048, 0.9490
pearl_results/pearl_2lev_PAG-32-4-0_PAP-16-8-0_128.out, 32 , 16 , 4 , 0 , 16 , 16777216 , 8 , 0 , 128 , 0.9710, 0.9050, 0.9492
pearl_results/pearl_2lev_PAG-32-4-0_PAP-16-8-0_256.out, 32 , 16 , 4 , 0 , 16 , 16777216 , 8 , 0 , 256 , 0.9711, 0.9050, 0.9492
pearl_results/pearl_2lev_PAG-32-4-0_PAP-16-8-0_4096.out, 32 , 16 , 4 , 0 , 16 , 16777216 , 8 , 0 , 4096 , 0.9720, 0.9053, 0.9495
pearl_results/pearl_2lev_PAG-32-4-0_PAP-16-8-0_512.out, 32 , 16 , 4 , 0 , 16 , 16777216 , 8 , 0 , 512 , 0.9710, 0.9049, 0.9491
pearl_results/pearl_2lev_PAG-32-4-0_PAP-4-16-0_1024.out, 32 , 16 , 4 , 0 , 4 , 1048576 , 16 , 0 , 1024 , 0.9582, 0.8914, 0.9359
pearl_results/pearl_2lev_PAG-32-4-0_PAP-4-16-0_128.out, 32 , 16 , 4 , 0 , 4 , 1048576 , 16 , 0 , 128 , 0.9563, 0.8885, 0.9332
pearl_results/pearl_2lev_PAG-32-4-0_PAP-4-16-0_256.out, 32 , 16 , 4 , 0 , 4 , 1048576 , 16 , 0 , 256 , 0.9575, 0.8904, 0.9350
pearl_results/pearl_2lev_PAG-32-4-0_PAP-4-16-0_4096.out, 32 , 16 , 4 , 0 , 4 , 1048576 , 16 , 0 , 4096 , 0.9590, 0.8920, 0.9365
pearl_results/pearl_2lev_PAG-32-4-0_PAP-4-16-0_512.out, 32 , 16 , 4 , 0 , 4 , 1048576 , 16 , 0 , 512 , 0.9582, 0.8913, 0.9359
pearl_results/pearl_2lev_PAG-32-4-0_PAP-4-4-0_1024.out, 32 , 16 , 4 , 0 , 4 , 256 , 4 , 0 , 1024 , 0.9110, 0.8392, 0.8840
pearl_results/pearl_2lev_PAG-32-4-0_PAP-4-4-0_128.out, 32 , 16 , 4 , 0 , 4 , 256 , 4 , 0 , 128 , 0.8979, 0.8248, 0.8697
pearl_results/pearl_2lev_PAG-32-4-0_PAP-4-4-0_256.out, 32 , 16 , 4 , 0 , 4 , 256 , 4 , 0 , 256 , 0.9045, 0.8322, 0.8771
pearl_results/pearl_2lev_PAG-32-4-0_PAP-4-4-0_4096.out, 32 , 16 , 4 , 0 , 4 , 256 , 4 , 0 , 4096 , 0.9120, 0.8408, 0.8855
pearl_results/pearl_2lev_PAG-32-4-0_PAP-4-4-0_512.out, 32 , 16 , 4 , 0 , 4 , 256 , 4 , 0 , 512 , 0.9096, 0.8371, 0.8820
pearl_results/pearl_2lev_PAG-32-4-0_PAP-4-8-0_1024.out, 32 , 16 , 4 , 0 , 4 , 4096 , 8 , 0 , 1024 , 0.9547, 0.8879, 0.9324
pearl_results/pearl_2lev_PAG-32-4-0_PAP-4-8-0_128.out, 32 , 16 , 4 , 0 , 4 , 4096 , 8 , 0 , 128 , 0.9535, 0.8860, 0.9307
pearl_results/pearl_2lev_PAG-32-4-0_PAP-4-8-0_256.out, 32 , 16 , 4 , 0 , 4 , 4096 , 8 , 0 , 256 , 0.9543, 0.8871, 0.9317
pearl_results/pearl_2lev_PAG-32-4-0_PAP-4-8-0_4096.out, 32 , 16 , 4 , 0 , 4 , 4096 , 8 , 0 , 4096 , 0.9563, 0.8894, 0.9340
pearl_results/pearl_2lev_PAG-32-4-0_PAP-4-8-0_512.out, 32 , 16 , 4 , 0 , 4 , 4096 , 8 , 0 , 512 , 0.9547, 0.8880, 0.9326
pearl_results/pearl_2lev_PAG-32-4-0_PAP-8-16-0_1024.out, 32 , 16 , 4 , 0 , 8 , 16777216 , 16 , 0 , 1024 , 0.9634, 0.8967, 0.9410
pearl_results/pearl_2lev_PAG-32-4-0_PAP-8-16-0_128.out, 32 , 16 , 4 , 0 , 8 , 16777216 , 16 , 0 , 128 , 0.9615, 0.8947, 0.9391
pearl_results/pearl_2lev_PAG-32-4-0_PAP-8-16-0_256.out, 32 , 16 , 4 , 0 , 8 , 16777216 , 16 , 0 , 256 , 0.9626, 0.8960, 0.9404
pearl_results/pearl_2lev_PAG-32-4-0_PAP-8-16-0_4096.out, 32 , 16 , 4 , 0 , 8 , 16777216 , 16 , 0 , 4096 , 0.9638, 0.8971, 0.9414
pearl_results/pearl_2lev_PAG-32-4-0_PAP-8-16-0_512.out, 32 , 16 , 4 , 0 , 8 , 16777216 , 16 , 0 , 512 , 0.9633, 0.8965, 0.9408
pearl_results/pearl_2lev_PAG-32-4-0_PAP-8-4-0_1024.out, 32 , 16 , 4 , 0 , 8 , 4096 , 4 , 0 , 1024 , 0.9669, 0.9016, 0.9463
pearl_results/pearl_2lev_PAG-32-4-0_PAP-8-4-0_128.out, 32 , 16 , 4 , 0 , 8 , 4096 , 4 , 0 , 128 , 0.9648, 0.9006, 0.9451
pearl_results/pearl_2lev_PAG-32-4-0_PAP-8-4-0_256.out, 32 , 16 , 4 , 0 , 8 , 4096 , 4 , 0 , 256 , 0.9654, 0.9008, 0.9453
pearl_results/pearl_2lev_PAG-32-4-0_PAP-8-4-0_4096.out, 32 , 16 , 4 , 0 , 8 , 4096 , 4 , 0 , 4096 , 0.9673, 0.9020, 0.9467
pearl_results/pearl_2lev_PAG-32-4-0_PAP-8-4-0_512.out, 32 , 16 , 4 , 0 , 8 , 4096 , 4 , 0 , 512 , 0.9666, 0.9014, 0.9460
pearl_results/pearl_2lev_PAG-32-4-0_PAP-8-8-0_1024.out, 32 , 16 , 4 , 0 , 8 , 65536 , 8 , 0 , 1024 , 0.9696, 0.9046, 0.9491
pearl_results/pearl_2lev_PAG-32-4-0_PAP-8-8-0_128.out, 32 , 16 , 4 , 0 , 8 , 65536 , 8 , 0 , 128 , 0.9692, 0.9045, 0.9489
pearl_results/pearl_2lev_PAG-32-4-0_PAP-8-8-0_256.out, 32 , 16 , 4 , 0 , 8 , 65536 , 8 , 0 , 256 , 0.9695, 0.9048, 0.9492
pearl_results/pearl_2lev_PAG-32-4-0_PAP-8-8-0_4096.out, 32 , 16 , 4 , 0 , 8 , 65536 , 8 , 0 , 4096 , 0.9698, 0.9047, 0.9492
pearl_results/pearl_2lev_PAG-32-4-0_PAP-8-8-0_512.out, 32 , 16 , 4 , 0 , 8 , 65536 , 8 , 0 , 512 , 0.9695, 0.9047, 0.9492
pearl_results/pearl_2lev_PAG-32-8-0_PAP-16-4-0_1024.out, 32 , 256 , 8 , 0 , 16 , 1048576 , 4 , 0 , 1024 , 0.9754, 0.9109, 0.9550
pearl_results/pearl_2lev_PAG-32-8-0_PAP-16-4-0_128.out, 32 , 256 , 8 , 0 , 16 , 1048576 , 4 , 0 , 128 , 0.9760, 0.9117, 0.9558
pearl_results/pearl_2lev_PAG-32-8-0_PAP-16-4-0_256.out, 32 , 256 , 8 , 0 , 16 , 1048576 , 4 , 0 , 256 , 0.9755, 0.9112, 0.9552
pearl_results/pearl_2lev_PAG-32-8-0_PAP-16-4-0_4096.out, 32 , 256 , 8 , 0 , 16 , 1048576 , 4 , 0 , 4096 , 0.9756, 0.9107, 0.9549
pearl_results/pearl_2lev_PAG-32-8-0_PAP-16-4-0_512.out, 32 , 256 , 8 , 0 , 16 , 1048576 , 4 , 0 , 512 , 0.9757, 0.9112, 0.9553
pearl_results/pearl_2lev_PAG-32-8-0_PAP-16-8-0_1024.out, 32 , 256 , 8 , 0 , 16 , 16777216 , 8 , 0 , 1024 , 0.9724, 0.9054, 0.9497
pearl_results/pearl_2lev_PAG-32-8-0_PAP-16-8-0_128.out, 32 , 256 , 8 , 0 , 16 , 16777216 , 8 , 0 , 128 , 0.9717, 0.9055, 0.9496
pearl_results/pearl_2lev_PAG-32-8-0_PAP-16-8-0_256.out, 32 , 256 , 8 , 0 , 16 , 16777216 , 8 , 0 , 256 , 0.9719, 0.9055, 0.9498
pearl_results/pearl_2lev_PAG-32-8-0_PAP-16-8-0_4096.out, 32 , 256 , 8 , 0 , 16 , 16777216 , 8 , 0 , 4096 , 0.9724, 0.9055, 0.9498
pearl_results/pearl_2lev_PAG-32-8-0_PAP-16-8-0_512.out, 32 , 256 , 8 , 0 , 16 , 16777216 , 8 , 0 , 512 , 0.9722, 0.9055, 0.9498
pearl_results/pearl_2lev_PAG-32-8-0_PAP-4-16-0_1024.out, 32 , 256 , 8 , 0 , 4 , 1048576 , 16 , 0 , 1024 , 0.9605, 0.8942, 0.9387
pearl_results/pearl_2lev_PAG-32-8-0_PAP-4-16-0_128.out, 32 , 256 , 8 , 0 , 4 , 1048576 , 16 , 0 , 128 , 0.9569, 0.8901, 0.9347
pearl_results/pearl_2lev_PAG-32-8-0_PAP-4-16-0_256.out, 32 , 256 , 8 , 0 , 4 , 1048576 , 16 , 0 , 256 , 0.9588, 0.8925, 0.9371
pearl_results/pearl_2lev_PAG-32-8-0_PAP-4-16-0_4096.out, 32 , 256 , 8 , 0 , 4 , 1048576 , 16 , 0 , 4096 , 0.9618, 0.8956, 0.9402
pearl_results/pearl_2lev_PAG-32-8-0_PAP-4-16-0_512.out, 32 , 256 , 8 , 0 , 4 , 1048576 , 16 , 0 , 512 , 0.9598, 0.8937, 0.9382
pearl_results/pearl_2lev_PAG-32-8-0_PAP-4-4-0_1024.out, 32 , 256 , 8 , 0 , 4 , 256 , 4 , 0 , 1024 , 0.9205, 0.8513, 0.8963
pearl_results/pearl_2lev_PAG-32-8-0_PAP-4-4-0_128.out, 32 , 256 , 8 , 0 , 4 , 256 , 4 , 0 , 128 , 0.9081, 0.8379, 0.8829
pearl_results/pearl_2lev_PAG-32-8-0_PAP-4-4-0_256.out, 32 , 256 , 8 , 0 , 4 , 256 , 4 , 0 , 256 , 0.9135, 0.8439, 0.8889
pearl_results/pearl_2lev_PAG-32-8-0_PAP-4-4-0_4096.out, 32 , 256 , 8 , 0 , 4 , 256 , 4 , 0 , 4096 , 0.9224, 0.8541, 0.8991
pearl_results/pearl_2lev_PAG-32-8-0_PAP-4-4-0_512.out, 32 , 256 , 8 , 0 , 4 , 256 , 4 , 0 , 512 , 0.9181, 0.8488, 0.8937
pearl_results/pearl_2lev_PAG-32-8-0_PAP-4-8-0_1024.out, 32 , 256 , 8 , 0 , 4 , 4096 , 8 , 0 , 1024 , 0.9571, 0.8908, 0.9354
pearl_results/pearl_2lev_PAG-32-8-0_PAP-4-8-0_128.out, 32 , 256 , 8 , 0 , 4 , 4096 , 8 , 0 , 128 , 0.9548, 0.8882, 0.9329
pearl_results/pearl_2lev_PAG-32-8-0_PAP-4-8-0_256.out, 32 , 256 , 8 , 0 , 4 , 4096 , 8 , 0 , 256 , 0.9568, 0.8902, 0.9349
pearl_results/pearl_2lev_PAG-32-8-0_PAP-4-8-0_4096.out, 32 , 256 , 8 , 0 , 4 , 4096 , 8 , 0 , 4096 , 0.9584, 0.8920, 0.9367
pearl_results/pearl_2lev_PAG-32-8-0_PAP-4-8-0_512.out, 32 , 256 , 8 , 0 , 4 , 4096 , 8 , 0 , 512 , 0.9571, 0.8906, 0.9354
pearl_results/pearl_2lev_PAG-32-8-0_PAP-8-16-0_1024.out, 32 , 256 , 8 , 0 , 8 , 16777216 , 16 , 0 , 1024 , 0.9652, 0.8982, 0.9425
pearl_results/pearl_2lev_PAG-32-8-0_PAP-8-16-0_128.out, 32 , 256 , 8 , 0 , 8 , 16777216 , 16 , 0 , 128 , 0.9630, 0.8959, 0.9405
pearl_results/pearl_2lev_PAG-32-8-0_PAP-8-16-0_256.out, 32 , 256 , 8 , 0 , 8 , 16777216 , 16 , 0 , 256 , 0.9639, 0.8970, 0.9415
pearl_results/pearl_2lev_PAG-32-8-0_PAP-8-16-0_4096.out, 32 , 256 , 8 , 0 , 8 , 16777216 , 16 , 0 , 4096 , 0.9654, 0.8985, 0.9430
pearl_results/pearl_2lev_PAG-32-8-0_PAP-8-16-0_512.out, 32 , 256 , 8 , 0 , 8 , 16777216 , 16 , 0 , 512 , 0.9648, 0.8979, 0.9423
pearl_results/pearl_2lev_PAG-32-8-0_PAP-8-4-0_1024.out, 32 , 256 , 8 , 0 , 8 , 4096 , 4 , 0 , 1024 , 0.9663, 0.9017, 0.9464
pearl_results/pearl_2lev_PAG-32-8-0_PAP-8-4-0_128.out, 32 , 256 , 8 , 0 , 8 , 4096 , 4 , 0 , 128 , 0.9638, 0.8998, 0.9443
pearl_results/pearl_2lev_PAG-32-8-0_PAP-8-4-0_256.out, 32 , 256 , 8 , 0 , 8 , 4096 , 4 , 0 , 256 , 0.9634, 0.8999, 0.9445
pearl_results/pearl_2lev_PAG-32-8-0_PAP-8-4-0_4096.out, 32 , 256 , 8 , 0 , 8 , 4096 , 4 , 0 , 4096 , 0.9669, 0.9024, 0.9472
pearl_results/pearl_2lev_PAG-32-8-0_PAP-8-4-0_512.out, 32 , 256 , 8 , 0 , 8 , 4096 , 4 , 0 , 512 , 0.9652, 0.9011, 0.9457
pearl_results/pearl_2lev_PAG-32-8-0_PAP-8-8-0_1024.out, 32 , 256 , 8 , 0 , 8 , 65536 , 8 , 0 , 1024 , 0.9709, 0.9050, 0.9494
pearl_results/pearl_2lev_PAG-32-8-0_PAP-8-8-0_128.out, 32 , 256 , 8 , 0 , 8 , 65536 , 8 , 0 , 128 , 0.9702, 0.9047, 0.9491
pearl_results/pearl_2lev_PAG-32-8-0_PAP-8-8-0_256.out, 32 , 256 , 8 , 0 , 8 , 65536 , 8 , 0 , 256 , 0.9705, 0.9048, 0.9493
pearl_results/pearl_2lev_PAG-32-8-0_PAP-8-8-0_4096.out, 32 , 256 , 8 , 0 , 8 , 65536 , 8 , 0 , 4096 , 0.9709, 0.9049, 0.9495
pearl_results/pearl_2lev_PAG-32-8-0_PAP-8-8-0_512.out, 32 , 256 , 8 , 0 , 8 , 65536 , 8 , 0 , 512 , 0.9707, 0.9049, 0.9494
pearl_results/pearl_2lev_PAG-4-16-0_PAP-16-4-0_1024.out, 4 , 65536 , 16 , 0 , 16 , 1048576 , 4 , 0 , 1024 , 0.9802, 0.9158, 0.9598
pearl_results/pearl_2lev_PAG-4-16-0_PAP-16-4-0_128.out, 4 , 65536 , 16 , 0 , 16 , 1048576 , 4 , 0 , 128 , 0.9801, 0.9150, 0.9590
pearl_results/pearl_2lev_PAG-4-16-0_PAP-16-4-0_256.out, 4 , 65536 , 16 , 0 , 16 , 1048576 , 4 , 0 , 256 , 0.9791, 0.9151, 0.9592
pearl_results/pearl_2lev_PAG-4-16-0_PAP-16-4-0_4096.out, 4 , 65536 , 16 , 0 , 16 , 1048576 , 4 , 0 , 4096 , 0.9797, 0.9160, 0.9600
pearl_results/pearl_2lev_PAG-4-16-0_PAP-16-4-0_512.out, 4 , 65536 , 16 , 0 , 16 , 1048576 , 4 , 0 , 512 , 0.9800, 0.9156, 0.9597
pearl_results/pearl_2lev_PAG-4-16-0_PAP-16-8-0_1024.out, 4 , 65536 , 16 , 0 , 16 , 16777216 , 8 , 0 , 1024 , 0.9735, 0.9088, 0.9530
pearl_results/pearl_2lev_PAG-4-16-0_PAP-16-8-0_128.out, 4 , 65536 , 16 , 0 , 16 , 16777216 , 8 , 0 , 128 , 0.9726, 0.9070, 0.9511
pearl_results/pearl_2lev_PAG-4-16-0_PAP-16-8-0_256.out, 4 , 65536 , 16 , 0 , 16 , 16777216 , 8 , 0 , 256 , 0.9728, 0.9077, 0.9519
pearl_results/pearl_2lev_PAG-4-16-0_PAP-16-8-0_4096.out, 4 , 65536 , 16 , 0 , 16 , 16777216 , 8 , 0 , 4096 , 0.9738, 0.9092, 0.9534
pearl_results/pearl_2lev_PAG-4-16-0_PAP-16-8-0_512.out, 4 , 65536 , 16 , 0 , 16 , 16777216 , 8 , 0 , 512 , 0.9732, 0.9083, 0.9525
pearl_results/pearl_2lev_PAG-4-16-0_PAP-4-16-0_1024.out, 4 , 65536 , 16 , 0 , 4 , 1048576 , 16 , 0 , 1024 , 0.9580, 0.8890, 0.9334
pearl_results/pearl_2lev_PAG-4-16-0_PAP-4-16-0_128.out, 4 , 65536 , 16 , 0 , 4 , 1048576 , 16 , 0 , 128 , 0.9565, 0.8888, 0.9332
pearl_results/pearl_2lev_PAG-4-16-0_PAP-4-16-0_256.out, 4 , 65536 , 16 , 0 , 4 , 1048576 , 16 , 0 , 256 , 0.9570, 0.8890, 0.9334
pearl_results/pearl_2lev_PAG-4-16-0_PAP-4-16-0_4096.out, 4 , 65536 , 16 , 0 , 4 , 1048576 , 16 , 0 , 4096 , 0.9579, 0.8890, 0.9334
pearl_results/pearl_2lev_PAG-4-16-0_PAP-4-16-0_512.out, 4 , 65536 , 16 , 0 , 4 , 1048576 , 16 , 0 , 512 , 0.9569, 0.8890, 0.9334
pearl_results/pearl_2lev_PAG-4-16-0_PAP-4-4-0_1024.out, 4 , 65536 , 16 , 0 , 4 , 256 , 4 , 0 , 1024 , 0.9576, 0.8876, 0.9322
pearl_results/pearl_2lev_PAG-4-16-0_PAP-4-4-0_128.out, 4 , 65536 , 16 , 0 , 4 , 256 , 4 , 0 , 128 , 0.9484, 0.8782, 0.9230
pearl_results/pearl_2lev_PAG-4-16-0_PAP-4-4-0_256.out, 4 , 65536 , 16 , 0 , 4 , 256 , 4 , 0 , 256 , 0.9529, 0.8830, 0.9278
pearl_results/pearl_2lev_PAG-4-16-0_PAP-4-4-0_4096.out, 4 , 65536 , 16 , 0 , 4 , 256 , 4 , 0 , 4096 , 0.9583, 0.8883, 0.9329
pearl_results/pearl_2lev_PAG-4-16-0_PAP-4-4-0_512.out, 4 , 65536 , 16 , 0 , 4 , 256 , 4 , 0 , 512 , 0.9563, 0.8868, 0.9313
pearl_results/pearl_2lev_PAG-4-16-0_PAP-4-8-0_1024.out, 4 , 65536 , 16 , 0 , 4 , 4096 , 8 , 0 , 1024 , 0.9649, 0.8973, 0.9418
pearl_results/pearl_2lev_PAG-4-16-0_PAP-4-8-0_128.out, 4 , 65536 , 16 , 0 , 4 , 4096 , 8 , 0 , 128 , 0.9610, 0.8935, 0.9381
pearl_results/pearl_2lev_PAG-4-16-0_PAP-4-8-0_256.out, 4 , 65536 , 16 , 0 , 4 , 4096 , 8 , 0 , 256 , 0.9636, 0.8957, 0.9403
pearl_results/pearl_2lev_PAG-4-16-0_PAP-4-8-0_4096.out, 4 , 65536 , 16 , 0 , 4 , 4096 , 8 , 0 , 4096 , 0.9648, 0.8975, 0.9421
pearl_results/pearl_2lev_PAG-4-16-0_PAP-4-8-0_512.out, 4 , 65536 , 16 , 0 , 4 , 4096 , 8 , 0 , 512 , 0.9640, 0.8963, 0.9409
pearl_results/pearl_2lev_PAG-4-16-0_PAP-8-16-0_1024.out, 4 , 65536 , 16 , 0 , 8 , 16777216 , 16 , 0 , 1024 , 0.9638, 0.8977, 0.9419
pearl_results/pearl_2lev_PAG-4-16-0_PAP-8-16-0_128.out, 4 , 65536 , 16 , 0 , 8 , 16777216 , 16 , 0 , 128 , 0.9618, 0.8957, 0.9401
pearl_results/pearl_2lev_PAG-4-16-0_PAP-8-16-0_256.out, 4 , 65536 , 16 , 0 , 8 , 16777216 , 16 , 0 , 256 , 0.9619, 0.8966, 0.9410
pearl_results/pearl_2lev_PAG-4-16-0_PAP-8-16-0_4096.out, 4 , 65536 , 16 , 0 , 8 , 16777216 , 16 , 0 , 4096 , 0.9636, 0.8981, 0.9423
pearl_results/pearl_2lev_PAG-4-16-0_PAP-8-16-0_512.out, 4 , 65536 , 16 , 0 , 8 , 16777216 , 16 , 0 , 512 , 0.9623, 0.8974, 0.9417
pearl_results/pearl_2lev_PAG-4-16-0_PAP-8-4-0_1024.out, 4 , 65536 , 16 , 0 , 8 , 4096 , 4 , 0 , 1024 , 0.9766, 0.9117, 0.9561
pearl_results/pearl_2lev_PAG-4-16-0_PAP-8-4-0_128.out, 4 , 65536 , 16 , 0 , 8 , 4096 , 4 , 0 , 128 , 0.9731, 0.9084, 0.9530
pearl_results/pearl_2lev_PAG-4-16-0_PAP-8-4-0_256.out, 4 , 65536 , 16 , 0 , 8 , 4096 , 4 , 0 , 256 , 0.9736, 0.9088, 0.9533
pearl_results/pearl_2lev_PAG-4-16-0_PAP-8-4-0_4096.out, 4 , 65536 , 16 , 0 , 8 , 4096 , 4 , 0 , 4096 , 0.9768, 0.9122, 0.9566
pearl_results/pearl_2lev_PAG-4-16-0_PAP-8-4-0_512.out, 4 , 65536 , 16 , 0 , 8 , 4096 , 4 , 0 , 512 , 0.9759, 0.9109, 0.9554
pearl_results/pearl_2lev_PAG-4-16-0_PAP-8-8-0_1024.out, 4 , 65536 , 16 , 0 , 8 , 65536 , 8 , 0 , 1024 , 0.9708, 0.9067, 0.9511
pearl_results/pearl_2lev_PAG-4-16-0_PAP-8-8-0_128.out, 4 , 65536 , 16 , 0 , 8 , 65536 , 8 , 0 , 128 , 0.9700, 0.9056, 0.9500
pearl_results/pearl_2lev_PAG-4-16-0_PAP-8-8-0_256.out, 4 , 65536 , 16 , 0 , 8 , 65536 , 8 , 0 , 256 , 0.9703, 0.9060, 0.9504
pearl_results/pearl_2lev_PAG-4-16-0_PAP-8-8-0_4096.out, 4 , 65536 , 16 , 0 , 8 , 65536 , 8 , 0 , 4096 , 0.9715, 0.9067, 0.9510
pearl_results/pearl_2lev_PAG-4-16-0_PAP-8-8-0_512.out, 4 , 65536 , 16 , 0 , 8 , 65536 , 8 , 0 , 512 , 0.9701, 0.9064, 0.9507
pearl_results/pearl_2lev_PAG-4-4-0_PAP-16-4-0_1024.out, 4 , 16 , 4 , 0 , 16 , 1048576 , 4 , 0 , 1024 , 0.9757, 0.9111, 0.9552
pearl_results/pearl_2lev_PAG-4-4-0_PAP-16-4-0_128.out, 4 , 16 , 4 , 0 , 16 , 1048576 , 4 , 0 , 128 , 0.9759, 0.9112, 0.9552
pearl_results/pearl_2lev_PAG-4-4-0_PAP-16-4-0_256.out, 4 , 16 , 4 , 0 , 16 , 1048576 , 4 , 0 , 256 , 0.9756, 0.9109, 0.9549
pearl_results/pearl_2lev_PAG-4-4-0_PAP-16-4-0_4096.out, 4 , 16 , 4 , 0 , 16 , 1048576 , 4 , 0 , 4096 , 0.9760, 0.9111, 0.9552
pearl_results/pearl_2lev_PAG-4-4-0_PAP-16-4-0_512.out, 4 , 16 , 4 , 0 , 16 , 1048576 , 4 , 0 , 512 , 0.9758, 0.9112, 0.9553
pearl_results/pearl_2lev_PAG-4-4-0_PAP-16-8-0_1024.out, 4 , 16 , 4 , 0 , 16 , 16777216 , 8 , 0 , 1024 , 0.9714, 0.9051, 0.9493
pearl_results/pearl_2lev_PAG-4-4-0_PAP-16-8-0_128.out, 4 , 16 , 4 , 0 , 16 , 16777216 , 8 , 0 , 128 , 0.9708, 0.9047, 0.9488
pearl_results/pearl_2lev_PAG-4-4-0_PAP-16-8-0_256.out, 4 , 16 , 4 , 0 , 16 , 16777216 , 8 , 0 , 256 , 0.9713, 0.9046, 0.9488
pearl_results/pearl_2lev_PAG-4-4-0_PAP-16-8-0_4096.out, 4 , 16 , 4 , 0 , 16 , 16777216 , 8 , 0 , 4096 , 0.9718, 0.9054, 0.9497
pearl_results/pearl_2lev_PAG-4-4-0_PAP-16-8-0_512.out, 4 , 16 , 4 , 0 , 16 , 16777216 , 8 , 0 , 512 , 0.9715, 0.9051, 0.9493
pearl_results/pearl_2lev_PAG-4-4-0_PAP-4-16-0_1024.out, 4 , 16 , 4 , 0 , 4 , 1048576 , 16 , 0 , 1024 , 0.9551, 0.8885, 0.9332
pearl_results/pearl_2lev_PAG-4-4-0_PAP-4-16-0_128.out, 4 , 16 , 4 , 0 , 4 , 1048576 , 16 , 0 , 128 , 0.9531, 0.8859, 0.9304
pearl_results/pearl_2lev_PAG-4-4-0_PAP-4-16-0_256.out, 4 , 16 , 4 , 0 , 4 , 1048576 , 16 , 0 , 256 , 0.9533, 0.8865, 0.9312
pearl_results/pearl_2lev_PAG-4-4-0_PAP-4-16-0_4096.out, 4 , 16 , 4 , 0 , 4 , 1048576 , 16 , 0 , 4096 , 0.9549, 0.8882, 0.9330
pearl_results/pearl_2lev_PAG-4-4-0_PAP-4-16-0_512.out, 4 , 16 , 4 , 0 , 4 , 1048576 , 16 , 0 , 512 , 0.9544, 0.8880, 0.9327
pearl_results/pearl_2lev_PAG-4-4-0_PAP-4-4-0_1024.out, 4 , 16 , 4 , 0 , 4 , 256 , 4 , 0 , 1024 , 0.9062, 0.8322, 0.8773
pearl_results/pearl_2lev_PAG-4-4-0_PAP-4-4-0_128.out, 4 , 16 , 4 , 0 , 4 , 256 , 4 , 0 , 128 , 0.8980, 0.8238, 0.8690
pearl_results/pearl_2lev_PAG-4-4-0_PAP-4-4-0_256.out, 4 , 16 , 4 , 0 , 4 , 256 , 4 , 0 , 256 , 0.9019, 0.8268, 0.8720
pearl_results/pearl_2lev_PAG-4-4-0_PAP-4-4-0_4096.out, 4 , 16 , 4 , 0 , 4 , 256 , 4 , 0 , 4096 , 0.9068, 0.8337, 0.8787
pearl_results/pearl_2lev_PAG-4-4-0_PAP-4-4-0_512.out, 4 , 16 , 4 , 0 , 4 , 256 , 4 , 0 , 512 , 0.9046, 0.8298, 0.8749
pearl_results/pearl_2lev_PAG-4-4-0_PAP-4-8-0_1024.out, 4 , 16 , 4 , 0 , 4 , 4096 , 8 , 0 , 1024 , 0.9520, 0.8859, 0.9306
pearl_results/pearl_2lev_PAG-4-4-0_PAP-4-8-0_128.out, 4 , 16 , 4 , 0 , 4 , 4096 , 8 , 0 , 128 , 0.9512, 0.8850, 0.9298
pearl_results/pearl_2lev_PAG-4-4-0_PAP-4-8-0_256.out, 4 , 16 , 4 , 0 , 4 , 4096 , 8 , 0 , 256 , 0.9513, 0.8850, 0.9297
pearl_results/pearl_2lev_PAG-4-4-0_PAP-4-8-0_4096.out, 4 , 16 , 4 , 0 , 4 , 4096 , 8 , 0 , 4096 , 0.9525, 0.8854, 0.9302
pearl_results/pearl_2lev_PAG-4-4-0_PAP-4-8-0_512.out, 4 , 16 , 4 , 0 , 4 , 4096 , 8 , 0 , 512 , 0.9518, 0.8856, 0.9304
pearl_results/pearl_2lev_PAG-4-4-0_PAP-8-16-0_1024.out, 4 , 16 , 4 , 0 , 8 , 16777216 , 16 , 0 , 1024 , 0.9592, 0.8925, 0.9369
pearl_results/pearl_2lev_PAG-4-4-0_PAP-8-16-0_128.out, 4 , 16 , 4 , 0 , 8 , 16777216 , 16 , 0 , 128 , 0.9581, 0.8911, 0.9356
pearl_results/pearl_2lev_PAG-4-4-0_PAP-8-16-0_256.out, 4 , 16 , 4 , 0 , 8 , 16777216 , 16 , 0 , 256 , 0.9583, 0.8916, 0.9361
pearl_results/pearl_2lev_PAG-4-4-0_PAP-8-16-0_4096.out, 4 , 16 , 4 , 0 , 8 , 16777216 , 16 , 0 , 4096 , 0.9592, 0.8927, 0.9372
pearl_results/pearl_2lev_PAG-4-4-0_PAP-8-16-0_512.out, 4 , 16 , 4 , 0 , 8 , 16777216 , 16 , 0 , 512 , 0.9588, 0.8921, 0.9366
pearl_results/pearl_2lev_PAG-4-4-0_PAP-8-4-0_1024.out, 4 , 16 , 4 , 0 , 8 , 4096 , 4 , 0 , 1024 , 0.9653, 0.9007, 0.9454
pearl_results/pearl_2lev_PAG-4-4-0_PAP-8-4-0_128.out, 4 , 16 , 4 , 0 , 8 , 4096 , 4 , 0 , 128 , 0.9650, 0.9003, 0.9450
pearl_results/pearl_2lev_PAG-4-4-0_PAP-8-4-0_256.out, 4 , 16 , 4 , 0 , 8 , 4096 , 4 , 0 , 256 , 0.9648, 0.9001, 0.9448
pearl_results/pearl_2lev_PAG-4-4-0_PAP-8-4-0_4096.out, 4 , 16 , 4 , 0 , 8 , 4096 , 4 , 0 , 4096 , 0.9656, 0.9008, 0.9455
pearl_results/pearl_2lev_PAG-4-4-0_PAP-8-4-0_512.out, 4 , 16 , 4 , 0 , 8 , 4096 , 4 , 0 , 512 , 0.9653, 0.9005, 0.9452
pearl_results/pearl_2lev_PAG-4-4-0_PAP-8-8-0_1024.out, 4 , 16 , 4 , 0 , 8 , 65536 , 8 , 0 , 1024 , 0.9686, 0.9034, 0.9481
pearl_results/pearl_2lev_PAG-4-4-0_PAP-8-8-0_128.out, 4 , 16 , 4 , 0 , 8 , 65536 , 8 , 0 , 128 , 0.9684, 0.9032, 0.9478
pearl_results/pearl_2lev_PAG-4-4-0_PAP-8-8-0_256.out, 4 , 16 , 4 , 0 , 8 , 65536 , 8 , 0 , 256 , 0.9682, 0.9032, 0.9478
pearl_results/pearl_2lev_PAG-4-4-0_PAP-8-8-0_4096.out, 4 , 16 , 4 , 0 , 8 , 65536 , 8 , 0 , 4096 , 0.9685, 0.9035, 0.9481
pearl_results/pearl_2lev_PAG-4-4-0_PAP-8-8-0_512.out, 4 , 16 , 4 , 0 , 8 , 65536 , 8 , 0 , 512 , 0.9685, 0.9033, 0.9479
pearl_results/pearl_2lev_PAG-4-8-0_PAP-16-4-0_1024.out, 4 , 256 , 8 , 0 , 16 , 1048576 , 4 , 0 , 1024 , 0.9756, 0.9106, 0.9549
pearl_results/pearl_2lev_PAG-4-8-0_PAP-16-4-0_128.out, 4 , 256 , 8 , 0 , 16 , 1048576 , 4 , 0 , 128 , 0.9758, 0.9110, 0.9549
pearl_results/pearl_2lev_PAG-4-8-0_PAP-16-4-0_256.out, 4 , 256 , 8 , 0 , 16 , 1048576 , 4 , 0 , 256 , 0.9752, 0.9105, 0.9546
pearl_results/pearl_2lev_PAG-4-8-0_PAP-16-4-0_4096.out, 4 , 256 , 8 , 0 , 16 , 1048576 , 4 , 0 , 4096 , 0.9757, 0.9105, 0.9549
pearl_results/pearl_2lev_PAG-4-8-0_PAP-16-4-0_512.out, 4 , 256 , 8 , 0 , 16 , 1048576 , 4 , 0 , 512 , 0.9756, 0.9108, 0.9550
pearl_results/pearl_2lev_PAG-4-8-0_PAP-16-8-0_1024.out, 4 , 256 , 8 , 0 , 16 , 16777216 , 8 , 0 , 1024 , 0.9718, 0.9056, 0.9498
pearl_results/pearl_2lev_PAG-4-8-0_PAP-16-8-0_128.out, 4 , 256 , 8 , 0 , 16 , 16777216 , 8 , 0 , 128 , 0.9706, 0.9048, 0.9489
pearl_results/pearl_2lev_PAG-4-8-0_PAP-16-8-0_256.out, 4 , 256 , 8 , 0 , 16 , 16777216 , 8 , 0 , 256 , 0.9709, 0.9049, 0.9491
pearl_results/pearl_2lev_PAG-4-8-0_PAP-16-8-0_4096.out, 4 , 256 , 8 , 0 , 16 , 16777216 , 8 , 0 , 4096 , 0.9722, 0.9056, 0.9500
pearl_results/pearl_2lev_PAG-4-8-0_PAP-16-8-0_512.out, 4 , 256 , 8 , 0 , 16 , 16777216 , 8 , 0 , 512 , 0.9714, 0.9054, 0.9496
pearl_results/pearl_2lev_PAG-4-8-0_PAP-4-16-0_1024.out, 4 , 256 , 8 , 0 , 4 , 1048576 , 16 , 0 , 1024 , 0.9562, 0.8891, 0.9336
pearl_results/pearl_2lev_PAG-4-8-0_PAP-4-16-0_128.out, 4 , 256 , 8 , 0 , 4 , 1048576 , 16 , 0 , 128 , 0.9549, 0.8874, 0.9321
pearl_results/pearl_2lev_PAG-4-8-0_PAP-4-16-0_256.out, 4 , 256 , 8 , 0 , 4 , 1048576 , 16 , 0 , 256 , 0.9554, 0.8882, 0.9327
pearl_results/pearl_2lev_PAG-4-8-0_PAP-4-16-0_4096.out, 4 , 256 , 8 , 0 , 4 , 1048576 , 16 , 0 , 4096 , 0.9567, 0.8897, 0.9343
pearl_results/pearl_2lev_PAG-4-8-0_PAP-4-16-0_512.out, 4 , 256 , 8 , 0 , 4 , 1048576 , 16 , 0 , 512 , 0.9563, 0.8889, 0.9335
pearl_results/pearl_2lev_PAG-4-8-0_PAP-4-4-0_1024.out, 4 , 256 , 8 , 0 , 4 , 256 , 4 , 0 , 1024 , 0.9271, 0.8564, 0.9013
pearl_results/pearl_2lev_PAG-4-8-0_PAP-4-4-0_128.out, 4 , 256 , 8 , 0 , 4 , 256 , 4 , 0 , 128 , 0.9131, 0.8384, 0.8834
pearl_results/pearl_2lev_PAG-4-8-0_PAP-4-4-0_256.out, 4 , 256 , 8 , 0 , 4 , 256 , 4 , 0 , 256 , 0.9212, 0.8501, 0.8951
pearl_results/pearl_2lev_PAG-4-8-0_PAP-4-4-0_4096.out, 4 , 256 , 8 , 0 , 4 , 256 , 4 , 0 , 4096 , 0.9280, 0.8577, 0.9025
pearl_results/pearl_2lev_PAG-4-8-0_PAP-4-4-0_512.out, 4 , 256 , 8 , 0 , 4 , 256 , 4 , 0 , 512 , 0.9242, 0.8541, 0.8990
pearl_results/pearl_2lev_PAG-4-8-0_PAP-4-8-0_1024.out, 4 , 256 , 8 , 0 , 4 , 4096 , 8 , 0 , 1024 , 0.9536, 0.8873, 0.9320
pearl_results/pearl_2lev_PAG-4-8-0_PAP-4-8-0_128.out, 4 , 256 , 8 , 0 , 4 , 4096 , 8 , 0 , 128 , 0.9524, 0.8862, 0.9310
pearl_results/pearl_2lev_PAG-4-8-0_PAP-4-8-0_256.out, 4 , 256 , 8 , 0 , 4 , 4096 , 8 , 0 , 256 , 0.9525, 0.8862, 0.9310
pearl_results/pearl_2lev_PAG-4-8-0_PAP-4-8-0_4096.out, 4 , 256 , 8 , 0 , 4 , 4096 , 8 , 0 , 4096 , 0.9539, 0.8877, 0.9324
pearl_results/pearl_2lev_PAG-4-8-0_PAP-4-8-0_512.out, 4 , 256 , 8 , 0 , 4 , 4096 , 8 , 0 , 512 , 0.9538, 0.8874, 0.9321
pearl_results/pearl_2lev_PAG-4-8-0_PAP-8-16-0_1024.out, 4 , 256 , 8 , 0 , 8 , 16777216 , 16 , 0 , 1024 , 0.9612, 0.8948, 0.9391
pearl_results/pearl_2lev_PAG-4-8-0_PAP-8-16-0_128.out, 4 , 256 , 8 , 0 , 8 , 16777216 , 16 , 0 , 128 , 0.9595, 0.8932, 0.9376
pearl_results/pearl_2lev_PAG-4-8-0_PAP-8-16-0_256.out, 4 , 256 , 8 , 0 , 8 , 16777216 , 16 , 0 , 256 , 0.9600, 0.8936, 0.9380
pearl_results/pearl_2lev_PAG-4-8-0_PAP-8-16-0_4096.out, 4 , 256 , 8 , 0 , 8 , 16777216 , 16 , 0 , 4096 , 0.9615, 0.8950, 0.9393
pearl_results/pearl_2lev_PAG-4-8-0_PAP-8-16-0_512.out, 4 , 256 , 8 , 0 , 8 , 16777216 , 16 , 0 , 512 , 0.9610, 0.8944, 0.9388
pearl_results/pearl_2lev_PAG-4-8-0_PAP-8-4-0_1024.out, 4 , 256 , 8 , 0 , 8 , 4096 , 4 , 0 , 1024 , 0.9689, 0.9035, 0.9483
pearl_results/pearl_2lev_PAG-4-8-0_PAP-8-4-0_128.out, 4 , 256 , 8 , 0 , 8 , 4096 , 4 , 0 , 128 , 0.9657, 0.9004, 0.9450
pearl_results/pearl_2lev_PAG-4-8-0_PAP-8-4-0_256.out, 4 , 256 , 8 , 0 , 8 , 4096 , 4 , 0 , 256 , 0.9659, 0.9008, 0.9454
pearl_results/pearl_2lev_PAG-4-8-0_PAP-8-4-0_4096.out, 4 , 256 , 8 , 0 , 8 , 4096 , 4 , 0 , 4096 , 0.9687, 0.9034, 0.9481
pearl_results/pearl_2lev_PAG-4-8-0_PAP-8-4-0_512.out, 4 , 256 , 8 , 0 , 8 , 4096 , 4 , 0 , 512 , 0.9682, 0.9027, 0.9474
pearl_results/pearl_2lev_PAG-4-8-0_PAP-8-8-0_1024.out, 4 , 256 , 8 , 0 , 8 , 65536 , 8 , 0 , 1024 , 0.9686, 0.9038, 0.9482
pearl_results/pearl_2lev_PAG-4-8-0_PAP-8-8-0_128.out, 4 , 256 , 8 , 0 , 8 , 65536 , 8 , 0 , 128 , 0.9683, 0.9035, 0.9479
pearl_results/pearl_2lev_PAG-4-8-0_PAP-8-8-0_256.out, 4 , 256 , 8 , 0 , 8 , 65536 , 8 , 0 , 256 , 0.9685, 0.9038, 0.9482
pearl_results/pearl_2lev_PAG-4-8-0_PAP-8-8-0_4096.out, 4 , 256 , 8 , 0 , 8 , 65536 , 8 , 0 , 4096 , 0.9683, 0.9036, 0.9481
pearl_results/pearl_2lev_PAG-4-8-0_PAP-8-8-0_512.out, 4 , 256 , 8 , 0 , 8 , 65536 , 8 , 0 , 512 , 0.9686, 0.9037, 0.9482
pearl_results/pearl_2lev_PAG-8-16-0_PAP-16-4-0_1024.out, 8 , 65536 , 16 , 0 , 16 , 1048576 , 4 , 0 , 1024 , 0.9804, 0.9157, 0.9597
pearl_results/pearl_2lev_PAG-8-16-0_PAP-16-4-0_128.out, 8 , 65536 , 16 , 0 , 16 , 1048576 , 4 , 0 , 128 , 0.9808, 0.9159, 0.9598
pearl_results/pearl_2lev_PAG-8-16-0_PAP-16-4-0_256.out, 8 , 65536 , 16 , 0 , 16 , 1048576 , 4 , 0 , 256 , 0.9807, 0.9159, 0.9599
pearl_results/pearl_2lev_PAG-8-16-0_PAP-16-4-0_4096.out, 8 , 65536 , 16 , 0 , 16 , 1048576 , 4 , 0 , 4096 , 0.9811, 0.9161, 0.9601
pearl_results/pearl_2lev_PAG-8-16-0_PAP-16-4-0_512.out, 8 , 65536 , 16 , 0 , 16 , 1048576 , 4 , 0 , 512 , 0.9806, 0.9158, 0.9598
pearl_results/pearl_2lev_PAG-8-16-0_PAP-16-8-0_1024.out, 8 , 65536 , 16 , 0 , 16 , 16777216 , 8 , 0 , 1024 , 0.9727, 0.9074, 0.9514
pearl_results/pearl_2lev_PAG-8-16-0_PAP-16-8-0_128.out, 8 , 65536 , 16 , 0 , 16 , 16777216 , 8 , 0 , 128 , 0.9721, 0.9064, 0.9504
pearl_results/pearl_2lev_PAG-8-16-0_PAP-16-8-0_256.out, 8 , 65536 , 16 , 0 , 16 , 16777216 , 8 , 0 , 256 , 0.9726, 0.9067, 0.9508
pearl_results/pearl_2lev_PAG-8-16-0_PAP-16-8-0_4096.out, 8 , 65536 , 16 , 0 , 16 , 16777216 , 8 , 0 , 4096 , 0.9734, 0.9077, 0.9517
pearl_results/pearl_2lev_PAG-8-16-0_PAP-16-8-0_512.out, 8 , 65536 , 16 , 0 , 16 , 16777216 , 8 , 0 , 512 , 0.9732, 0.9072, 0.9513
pearl_results/pearl_2lev_PAG-8-16-0_PAP-4-16-0_1024.out, 8 , 65536 , 16 , 0 , 4 , 1048576 , 16 , 0 , 1024 , 0.9608, 0.8936, 0.9380
pearl_results/pearl_2lev_PAG-8-16-0_PAP-4-16-0_128.out, 8 , 65536 , 16 , 0 , 4 , 1048576 , 16 , 0 , 128 , 0.9587, 0.8914, 0.9359
pearl_results/pearl_2lev_PAG-8-16-0_PAP-4-16-0_256.out, 8 , 65536 , 16 , 0 , 4 , 1048576 , 16 , 0 , 256 , 0.9592, 0.8926, 0.9370
pearl_results/pearl_2lev_PAG-8-16-0_PAP-4-16-0_4096.out, 8 , 65536 , 16 , 0 , 4 , 1048576 , 16 , 0 , 4096 , 0.9612, 0.8939, 0.9383
pearl_results/pearl_2lev_PAG-8-16-0_PAP-4-16-0_512.out, 8 , 65536 , 16 , 0 , 4 , 1048576 , 16 , 0 , 512 , 0.9598, 0.8932, 0.9376
pearl_results/pearl_2lev_PAG-8-16-0_PAP-4-4-0_1024.out, 8 , 65536 , 16 , 0 , 4 , 256 , 4 , 0 , 1024 , 0.9555, 0.8888, 0.9333
pearl_results/pearl_2lev_PAG-8-16-0_PAP-4-4-0_128.out, 8 , 65536 , 16 , 0 , 4 , 256 , 4 , 0 , 128 , 0.9496, 0.8830, 0.9278
pearl_results/pearl_2lev_PAG-8-16-0_PAP-4-4-0_256.out, 8 , 65536 , 16 , 0 , 4 , 256 , 4 , 0 , 256 , 0.9539, 0.8869, 0.9316
pearl_results/pearl_2lev_PAG-8-16-0_PAP-4-4-0_4096.out, 8 , 65536 , 16 , 0 , 4 , 256 , 4 , 0 , 4096 , 0.9570, 0.8897, 0.9342
pearl_results/pearl_2lev_PAG-8-16-0_PAP-4-4-0_512.out, 8 , 65536 , 16 , 0 , 4 , 256 , 4 , 0 , 512 , 0.9549, 0.8881, 0.9327
pearl_results/pearl_2lev_PAG-8-16-0_PAP-4-8-0_1024.out, 8 , 65536 , 16 , 0 , 4 , 4096 , 8 , 0 , 1024 , 0.9640, 0.8971, 0.9416
pearl_results/pearl_2lev_PAG-8-16-0_PAP-4-8-0_128.out, 8 , 65536 , 16 , 0 , 4 , 4096 , 8 , 0 , 128 , 0.9615, 0.8943, 0.9389
pearl_results/pearl_2lev_PAG-8-16-0_PAP-4-8-0_256.out, 8 , 65536 , 16 , 0 , 4 , 4096 , 8 , 0 , 256 , 0.9629, 0.8957, 0.9404
pearl_results/pearl_2lev_PAG-8-16-0_PAP-4-8-0_4096.out, 8 , 65536 , 16 , 0 , 4 , 4096 , 8 , 0 , 4096 , 0.9639, 0.8975, 0.9420
pearl_results/pearl_2lev_PAG-8-16-0_PAP-4-8-0_512.out, 8 , 65536 , 16 , 0 , 4 , 4096 , 8 , 0 , 512 , 0.9636, 0.8966, 0.9412
pearl_results/pearl_2lev_PAG-8-16-0_PAP-8-16-0_1024.out, 8 , 65536 , 16 , 0 , 8 , 16777216 , 16 , 0 , 1024 , 0.9578, 0.8908, 0.9351
pearl_results/pearl_2lev_PAG-8-16-0_PAP-8-16-0_128.out, 8 , 65536 , 16 , 0 , 8 , 16777216 , 16 , 0 , 128 , 0.9572, 0.8902, 0.9345
pearl_results/pearl_2lev_PAG-8-16-0_PAP-8-16-0_256.out, 8 , 65536 , 16 , 0 , 8 , 16777216 , 16 , 0 , 256 , 0.9576, 0.8906, 0.9348
pearl_results/pearl_2lev_PAG-8-16-0_PAP-8-16-0_4096.out, 8 , 65536 , 16 , 0 , 8 , 16777216 , 16 , 0 , 4096 , 0.9581, 0.8908, 0.9350
pearl_results/pearl_2lev_PAG-8-16-0_PAP-8-16-0_512.out, 8 , 65536 , 16 , 0 , 8 , 16777216 , 16 , 0 , 512 , 0.9577, 0.8906, 0.9349
pearl_results/pearl_2lev_PAG-8-16-0_PAP-8-4-0_1024.out, 8 , 65536 , 16 , 0 , 8 , 4096 , 4 , 0 , 1024 , 0.9768, 0.9122, 0.9565
pearl_results/pearl_2lev_PAG-8-16-0_PAP-8-4-0_128.out, 8 , 65536 , 16 , 0 , 8 , 4096 , 4 , 0 , 128 , 0.9750, 0.9102, 0.9546
pearl_results/pearl_2lev_PAG-8-16-0_PAP-8-4-0_256.out, 8 , 65536 , 16 , 0 , 8 , 4096 , 4 , 0 , 256 , 0.9754, 0.9105, 0.9550
pearl_results/pearl_2lev_PAG-8-16-0_PAP-8-4-0_4096.out, 8 , 65536 , 16 , 0 , 8 , 4096 , 4 , 0 , 4096 , 0.9772, 0.9126, 0.9570
pearl_results/pearl_2lev_PAG-8-16-0_PAP-8-4-0_512.out, 8 , 65536 , 16 , 0 , 8 , 4096 , 4 , 0 , 512 , 0.9765, 0.9117, 0.9561
pearl_results/pearl_2lev_PAG-8-16-0_PAP-8-8-0_1024.out, 8 , 65536 , 16 , 0 , 8 , 65536 , 8 , 0 , 1024 , 0.9705, 0.9054, 0.9497
pearl_results/pearl_2lev_PAG-8-16-0_PAP-8-8-0_128.out, 8 , 65536 , 16 , 0 , 8 , 65536 , 8 , 0 , 128 , 0.9705, 0.9054, 0.9498
pearl_results/pearl_2lev_PAG-8-16-0_PAP-8-8-0_256.out, 8 , 65536 , 16 , 0 , 8 , 65536 , 8 , 0 , 256 , 0.9702, 0.9051, 0.9494
pearl_results/pearl_2lev_PAG-8-16-0_PAP-8-8-0_4096.out, 8 , 65536 , 16 , 0 , 8 , 65536 , 8 , 0 , 4096 , 0.9709, 0.9056, 0.9499
pearl_results/pearl_2lev_PAG-8-16-0_PAP-8-8-0_512.out, 8 , 65536 , 16 , 0 , 8 , 65536 , 8 , 0 , 512 , 0.9707, 0.9054, 0.9497
pearl_results/pearl_2lev_PAG-8-4-0_PAP-16-4-0_1024.out, 8 , 16 , 4 , 0 , 16 , 1048576 , 4 , 0 , 1024 , 0.9750, 0.9108, 0.9548
pearl_results/pearl_2lev_PAG-8-4-0_PAP-16-4-0_128.out, 8 , 16 , 4 , 0 , 16 , 1048576 , 4 , 0 , 128 , 0.9753, 0.9113, 0.9553
pearl_results/pearl_2lev_PAG-8-4-0_PAP-16-4-0_256.out, 8 , 16 , 4 , 0 , 16 , 1048576 , 4 , 0 , 256 , 0.9753, 0.9113, 0.9553
pearl_results/pearl_2lev_PAG-8-4-0_PAP-16-4-0_4096.out, 8 , 16 , 4 , 0 , 16 , 1048576 , 4 , 0 , 4096 , 0.9749, 0.9107, 0.9547
pearl_results/pearl_2lev_PAG-8-4-0_PAP-16-4-0_512.out, 8 , 16 , 4 , 0 , 16 , 1048576 , 4 , 0 , 512 , 0.9749, 0.9108, 0.9549
pearl_results/pearl_2lev_PAG-8-4-0_PAP-16-8-0_1024.out, 8 , 16 , 4 , 0 , 16 , 16777216 , 8 , 0 , 1024 , 0.9709, 0.9050, 0.9492
pearl_results/pearl_2lev_PAG-8-4-0_PAP-16-8-0_128.out, 8 , 16 , 4 , 0 , 16 , 16777216 , 8 , 0 , 128 , 0.9701, 0.9045, 0.9486
pearl_results/pearl_2lev_PAG-8-4-0_PAP-16-8-0_256.out, 8 , 16 , 4 , 0 , 16 , 16777216 , 8 , 0 , 256 , 0.9706, 0.9049, 0.9490
pearl_results/pearl_2lev_PAG-8-4-0_PAP-16-8-0_4096.out, 8 , 16 , 4 , 0 , 16 , 16777216 , 8 , 0 , 4096 , 0.9710, 0.9052, 0.9493
pearl_results/pearl_2lev_PAG-8-4-0_PAP-16-8-0_512.out, 8 , 16 , 4 , 0 , 16 , 16777216 , 8 , 0 , 512 , 0.9709, 0.9052, 0.9493
pearl_results/pearl_2lev_PAG-8-4-0_PAP-4-16-0_1024.out, 8 , 16 , 4 , 0 , 4 , 1048576 , 16 , 0 , 1024 , 0.9561, 0.8898, 0.9343
pearl_results/pearl_2lev_PAG-8-4-0_PAP-4-16-0_128.out, 8 , 16 , 4 , 0 , 4 , 1048576 , 16 , 0 , 128 , 0.9531, 0.8860, 0.9306
pearl_results/pearl_2lev_PAG-8-4-0_PAP-4-16-0_256.out, 8 , 16 , 4 , 0 , 4 , 1048576 , 16 , 0 , 256 , 0.9552, 0.8881, 0.9327
pearl_results/pearl_2lev_PAG-8-4-0_PAP-4-16-0_4096.out, 8 , 16 , 4 , 0 , 4 , 1048576 , 16 , 0 , 4096 , 0.9564, 0.8901, 0.9345
pearl_results/pearl_2lev_PAG-8-4-0_PAP-4-16-0_512.out, 8 , 16 , 4 , 0 , 4 , 1048576 , 16 , 0 , 512 , 0.9558, 0.8895, 0.9340
pearl_results/pearl_2lev_PAG-8-4-0_PAP-4-4-0_1024.out, 8 , 16 , 4 , 0 , 4 , 256 , 4 , 0 , 1024 , 0.9110, 0.8367, 0.8816
pearl_results/pearl_2lev_PAG-8-4-0_PAP-4-4-0_128.out, 8 , 16 , 4 , 0 , 4 , 256 , 4 , 0 , 128 , 0.8947, 0.8201, 0.8651
pearl_results/pearl_2lev_PAG-8-4-0_PAP-4-4-0_256.out, 8 , 16 , 4 , 0 , 4 , 256 , 4 , 0 , 256 , 0.9045, 0.8284, 0.8734
pearl_results/pearl_2lev_PAG-8-4-0_PAP-4-4-0_4096.out, 8 , 16 , 4 , 0 , 4 , 256 , 4 , 0 , 4096 , 0.9119, 0.8382, 0.8829
pearl_results/pearl_2lev_PAG-8-4-0_PAP-4-4-0_512.out, 8 , 16 , 4 , 0 , 4 , 256 , 4 , 0 , 512 , 0.9084, 0.8331, 0.8780
pearl_results/pearl_2lev_PAG-8-4-0_PAP-4-8-0_1024.out, 8 , 16 , 4 , 0 , 4 , 4096 , 8 , 0 , 1024 , 0.9539, 0.8879, 0.9325
pearl_results/pearl_2lev_PAG-8-4-0_PAP-4-8-0_128.out, 8 , 16 , 4 , 0 , 4 , 4096 , 8 , 0 , 128 , 0.9509, 0.8851, 0.9298
pearl_results/pearl_2lev_PAG-8-4-0_PAP-4-8-0_256.out, 8 , 16 , 4 , 0 , 4 , 4096 , 8 , 0 , 256 , 0.9521, 0.8861, 0.9308
pearl_results/pearl_2lev_PAG-8-4-0_PAP-4-8-0_4096.out, 8 , 16 , 4 , 0 , 4 , 4096 , 8 , 0 , 4096 , 0.9540, 0.8881, 0.9326
pearl_results/pearl_2lev_PAG-8-4-0_PAP-4-8-0_512.out, 8 , 16 , 4 , 0 , 4 , 4096 , 8 , 0 , 512 , 0.9527, 0.8872, 0.9319
pearl_results/pearl_2lev_PAG-8-4-0_PAP-8-16-0_1024.out, 8 , 16 , 4 , 0 , 8 , 16777216 , 16 , 0 , 1024 , 0.9599, 0.8929, 0.9373
pearl_results/pearl_2lev_PAG-8-4-0_PAP-8-16-0_128.out, 8 , 16 , 4 , 0 , 8 , 16777216 , 16 , 0 , 128 , 0.9578, 0.8910, 0.9355
pearl_results/pearl_2lev_PAG-8-4-0_PAP-8-16-0_256.out, 8 , 16 , 4 , 0 , 8 , 16777216 , 16 , 0 , 256 , 0.9593, 0.8923, 0.9367
pearl_results/pearl_2lev_PAG-8-4-0_PAP-8-16-0_4096.out, 8 , 16 , 4 , 0 , 8 , 16777216 , 16 , 0 , 4096 , 0.9595, 0.8933, 0.9377
pearl_results/pearl_2lev_PAG-8-4-0_PAP-8-16-0_512.out, 8 , 16 , 4 , 0 , 8 , 16777216 , 16 , 0 , 512 , 0.9596, 0.8927, 0.9371
pearl_results/pearl_2lev_PAG-8-4-0_PAP-8-4-0_1024.out, 8 , 16 , 4 , 0 , 8 , 4096 , 4 , 0 , 1024 , 0.9662, 0.9022, 0.9467
pearl_results/pearl_2lev_PAG-8-4-0_PAP-8-4-0_128.out, 8 , 16 , 4 , 0 , 8 , 4096 , 4 , 0 , 128 , 0.9647, 0.9005, 0.9451
pearl_results/pearl_2lev_PAG-8-4-0_PAP-8-4-0_256.out, 8 , 16 , 4 , 0 , 8 , 4096 , 4 , 0 , 256 , 0.9645, 0.9003, 0.9448
pearl_results/pearl_2lev_PAG-8-4-0_PAP-8-4-0_4096.out, 8 , 16 , 4 , 0 , 8 , 4096 , 4 , 0 , 4096 , 0.9661, 0.9018, 0.9463
pearl_results/pearl_2lev_PAG-8-4-0_PAP-8-4-0_512.out, 8 , 16 , 4 , 0 , 8 , 4096 , 4 , 0 , 512 , 0.9647, 0.9008, 0.9452
pearl_results/pearl_2lev_PAG-8-4-0_PAP-8-8-0_1024.out, 8 , 16 , 4 , 0 , 8 , 65536 , 8 , 0 , 1024 , 0.9679, 0.9031, 0.9477
pearl_results/pearl_2lev_PAG-8-4-0_PAP-8-8-0_128.out, 8 , 16 , 4 , 0 , 8 , 65536 , 8 , 0 , 128 , 0.9681, 0.9031, 0.9476
pearl_results/pearl_2lev_PAG-8-4-0_PAP-8-8-0_256.out, 8 , 16 , 4 , 0 , 8 , 65536 , 8 , 0 , 256 , 0.9680, 0.9034, 0.9479
pearl_results/pearl_2lev_PAG-8-4-0_PAP-8-8-0_4096.out, 8 , 16 , 4 , 0 , 8 , 65536 , 8 , 0 , 4096 , 0.9677, 0.9034, 0.9478
pearl_results/pearl_2lev_PAG-8-4-0_PAP-8-8-0_512.out, 8 , 16 , 4 , 0 , 8 , 65536 , 8 , 0 , 512 , 0.9679, 0.9032, 0.9477
pearl_results/pearl_2lev_PAG-8-8-0_PAP-16-4-0_1024.out, 8 , 256 , 8 , 0 , 16 , 1048576 , 4 , 0 , 1024 , 0.9756, 0.9111, 0.9552
pearl_results/pearl_2lev_PAG-8-8-0_PAP-16-4-0_128.out, 8 , 256 , 8 , 0 , 16 , 1048576 , 4 , 0 , 128 , 0.9760, 0.9115, 0.9555
pearl_results/pearl_2lev_PAG-8-8-0_PAP-16-4-0_256.out, 8 , 256 , 8 , 0 , 16 , 1048576 , 4 , 0 , 256 , 0.9762, 0.9117, 0.9557
pearl_results/pearl_2lev_PAG-8-8-0_PAP-16-4-0_4096.out, 8 , 256 , 8 , 0 , 16 , 1048576 , 4 , 0 , 4096 , 0.9760, 0.9109, 0.9550
pearl_results/pearl_2lev_PAG-8-8-0_PAP-16-4-0_512.out, 8 , 256 , 8 , 0 , 16 , 1048576 , 4 , 0 , 512 , 0.9759, 0.9113, 0.9554
pearl_results/pearl_2lev_PAG-8-8-0_PAP-16-8-0_1024.out, 8 , 256 , 8 , 0 , 16 , 16777216 , 8 , 0 , 1024 , 0.9701, 0.9044, 0.9486
pearl_results/pearl_2lev_PAG-8-8-0_PAP-16-8-0_128.out, 8 , 256 , 8 , 0 , 16 , 16777216 , 8 , 0 , 128 , 0.9704, 0.9045, 0.9487
pearl_results/pearl_2lev_PAG-8-8-0_PAP-16-8-0_256.out, 8 , 256 , 8 , 0 , 16 , 16777216 , 8 , 0 , 256 , 0.9705, 0.9046, 0.9488
pearl_results/pearl_2lev_PAG-8-8-0_PAP-16-8-0_4096.out, 8 , 256 , 8 , 0 , 16 , 16777216 , 8 , 0 , 4096 , 0.9707, 0.9046, 0.9488
pearl_results/pearl_2lev_PAG-8-8-0_PAP-16-8-0_512.out, 8 , 256 , 8 , 0 , 16 , 16777216 , 8 , 0 , 512 , 0.9701, 0.9043, 0.9486
pearl_results/pearl_2lev_PAG-8-8-0_PAP-4-16-0_1024.out, 8 , 256 , 8 , 0 , 4 , 1048576 , 16 , 0 , 1024 , 0.9571, 0.8909, 0.9354
pearl_results/pearl_2lev_PAG-8-8-0_PAP-4-16-0_128.out, 8 , 256 , 8 , 0 , 4 , 1048576 , 16 , 0 , 128 , 0.9548, 0.8878, 0.9323
pearl_results/pearl_2lev_PAG-8-8-0_PAP-4-16-0_256.out, 8 , 256 , 8 , 0 , 4 , 1048576 , 16 , 0 , 256 , 0.9561, 0.8895, 0.9340
pearl_results/pearl_2lev_PAG-8-8-0_PAP-4-16-0_4096.out, 8 , 256 , 8 , 0 , 4 , 1048576 , 16 , 0 , 4096 , 0.9575, 0.8914, 0.9358
pearl_results/pearl_2lev_PAG-8-8-0_PAP-4-16-0_512.out, 8 , 256 , 8 , 0 , 4 , 1048576 , 16 , 0 , 512 , 0.9572, 0.8908, 0.9352
pearl_results/pearl_2lev_PAG-8-8-0_PAP-4-4-0_1024.out, 8 , 256 , 8 , 0 , 4 , 256 , 4 , 0 , 1024 , 0.9187, 0.8493, 0.8942
pearl_results/pearl_2lev_PAG-8-8-0_PAP-4-4-0_128.out, 8 , 256 , 8 , 0 , 4 , 256 , 4 , 0 , 128 , 0.9091, 0.8390, 0.8841
pearl_results/pearl_2lev_PAG-8-8-0_PAP-4-4-0_256.out, 8 , 256 , 8 , 0 , 4 , 256 , 4 , 0 , 256 , 0.9153, 0.8453, 0.8901
pearl_results/pearl_2lev_PAG-8-8-0_PAP-4-4-0_4096.out, 8 , 256 , 8 , 0 , 4 , 256 , 4 , 0 , 4096 , 0.9196, 0.8501, 0.8949
pearl_results/pearl_2lev_PAG-8-8-0_PAP-4-4-0_512.out, 8 , 256 , 8 , 0 , 4 , 256 , 4 , 0 , 512 , 0.9170, 0.8477, 0.8926
pearl_results/pearl_2lev_PAG-8-8-0_PAP-4-8-0_1024.out, 8 , 256 , 8 , 0 , 4 , 4096 , 8 , 0 , 1024 , 0.9537, 0.8872, 0.9319
pearl_results/pearl_2lev_PAG-8-8-0_PAP-4-8-0_128.out, 8 , 256 , 8 , 0 , 4 , 4096 , 8 , 0 , 128 , 0.9528, 0.8863, 0.9309
pearl_results/pearl_2lev_PAG-8-8-0_PAP-4-8-0_256.out, 8 , 256 , 8 , 0 , 4 , 4096 , 8 , 0 , 256 , 0.9537, 0.8868, 0.9314
pearl_results/pearl_2lev_PAG-8-8-0_PAP-4-8-0_4096.out, 8 , 256 , 8 , 0 , 4 , 4096 , 8 , 0 , 4096 , 0.9540, 0.8876, 0.9323
pearl_results/pearl_2lev_PAG-8-8-0_PAP-4-8-0_512.out, 8 , 256 , 8 , 0 , 4 , 4096 , 8 , 0 , 512 , 0.9535, 0.8870, 0.9317
pearl_results/pearl_2lev_PAG-8-8-0_PAP-8-16-0_1024.out, 8 , 256 , 8 , 0 , 8 , 16777216 , 16 , 0 , 1024 , 0.9601, 0.8939, 0.9382
pearl_results/pearl_2lev_PAG-8-8-0_PAP-8-16-0_128.out, 8 , 256 , 8 , 0 , 8 , 16777216 , 16 , 0 , 128 , 0.9579, 0.8916, 0.9361
pearl_results/pearl_2lev_PAG-8-8-0_PAP-8-16-0_256.out, 8 , 256 , 8 , 0 , 8 , 16777216 , 16 , 0 , 256 , 0.9594, 0.8929, 0.9373
pearl_results/pearl_2lev_PAG-8-8-0_PAP-8-16-0_4096.out, 8 , 256 , 8 , 0 , 8 , 16777216 , 16 , 0 , 4096 , 0.9601, 0.8940, 0.9384
pearl_results/pearl_2lev_PAG-8-8-0_PAP-8-16-0_512.out, 8 , 256 , 8 , 0 , 8 , 16777216 , 16 , 0 , 512 , 0.9601, 0.8936, 0.9379
pearl_results/pearl_2lev_PAG-8-8-0_PAP-8-4-0_1024.out, 8 , 256 , 8 , 0 , 8 , 4096 , 4 , 0 , 1024 , 0.9686, 0.9035, 0.9482
pearl_results/pearl_2lev_PAG-8-8-0_PAP-8-4-0_128.out, 8 , 256 , 8 , 0 , 8 , 4096 , 4 , 0 , 128 , 0.9654, 0.9008, 0.9455
pearl_results/pearl_2lev_PAG-8-8-0_PAP-8-4-0_256.out, 8 , 256 , 8 , 0 , 8 , 4096 , 4 , 0 , 256 , 0.9665, 0.9021, 0.9467
pearl_results/pearl_2lev_PAG-8-8-0_PAP-8-4-0_4096.out, 8 , 256 , 8 , 0 , 8 , 4096 , 4 , 0 , 4096 , 0.9689, 0.9040, 0.9487
pearl_results/pearl_2lev_PAG-8-8-0_PAP-8-4-0_512.out, 8 , 256 , 8 , 0 , 8 , 4096 , 4 , 0 , 512 , 0.9683, 0.9034, 0.9480
pearl_results/pearl_2lev_PAG-8-8-0_PAP-8-8-0_1024.out, 8 , 256 , 8 , 0 , 8 , 65536 , 8 , 0 , 1024 , 0.9678, 0.9032, 0.9477
pearl_results/pearl_2lev_PAG-8-8-0_PAP-8-8-0_128.out, 8 , 256 , 8 , 0 , 8 , 65536 , 8 , 0 , 128 , 0.9676, 0.9031, 0.9476
pearl_results/pearl_2lev_PAG-8-8-0_PAP-8-8-0_256.out, 8 , 256 , 8 , 0 , 8 , 65536 , 8 , 0 , 256 , 0.9680, 0.9034, 0.9478
pearl_results/pearl_2lev_PAG-8-8-0_PAP-8-8-0_4096.out, 8 , 256 , 8 , 0 , 8 , 65536 , 8 , 0 , 4096 , 0.9679, 0.9033, 0.9478
pearl_results/pearl_2lev_PAG-8-8-0_PAP-8-8-0_512.out, 8 , 256 , 8 , 0 , 8 , 65536 , 8 , 0 , 512 , 0.9680, 0.9033, 0.9478
