vortex_results/vortex_2lev_PAG-16-16-0_PAP-16-4-0_1024.out, 16 , 65536 , 16 , 0 , 16 , 1048576 , 4 , 0 , 1024 , 1.3197, 0.9393, 0.9539
vortex_results/vortex_2lev_PAG-16-16-0_PAP-16-4-0_128.out, 16 , 65536 , 16 , 0 , 16 , 1048576 , 4 , 0 , 128 , 1.3197, 0.9396, 0.9541
vortex_results/vortex_2lev_PAG-16-16-0_PAP-16-4-0_256.out, 16 , 65536 , 16 , 0 , 16 , 1048576 , 4 , 0 , 256 , 1.3211, 0.9400, 0.9546
vortex_results/vortex_2lev_PAG-16-16-0_PAP-16-4-0_4096.out, 16 , 65536 , 16 , 0 , 16 , 1048576 , 4 , 0 , 4096 , 1.3193, 0.9391, 0.9537
vortex_results/vortex_2lev_PAG-16-16-0_PAP-16-4-0_512.out, 16 , 65536 , 16 , 0 , 16 , 1048576 , 4 , 0 , 512 , 1.3205, 0.9398, 0.9543
vortex_results/vortex_2lev_PAG-16-16-0_PAP-16-8-0_1024.out, 16 , 65536 , 16 , 0 , 16 , 16777216 , 8 , 0 , 1024 , 1.2967, 0.9264, 0.9416
vortex_results/vortex_2lev_PAG-16-16-0_PAP-16-8-0_128.out, 16 , 65536 , 16 , 0 , 16 , 16777216 , 8 , 0 , 128 , 1.2985, 0.9275, 0.9425
vortex_results/vortex_2lev_PAG-16-16-0_PAP-16-8-0_256.out, 16 , 65536 , 16 , 0 , 16 , 16777216 , 8 , 0 , 256 , 1.2981, 0.9271, 0.9422
vortex_results/vortex_2lev_PAG-16-16-0_PAP-16-8-0_4096.out, 16 , 65536 , 16 , 0 , 16 , 16777216 , 8 , 0 , 4096 , 1.2966, 0.9264, 0.9417
vortex_results/vortex_2lev_PAG-16-16-0_PAP-16-8-0_512.out, 16 , 65536 , 16 , 0 , 16 , 16777216 , 8 , 0 , 512 , 1.2974, 0.9267, 0.9419
vortex_results/vortex_2lev_PAG-16-16-0_PAP-4-16-0_1024.out, 16 , 65536 , 16 , 0 , 4 , 1048576 , 16 , 0 , 1024 , 1.2888, 0.9183, 0.9332
vortex_results/vortex_2lev_PAG-16-16-0_PAP-4-16-0_128.out, 16 , 65536 , 16 , 0 , 4 , 1048576 , 16 , 0 , 128 , 1.2837, 0.9151, 0.9303
vortex_results/vortex_2lev_PAG-16-16-0_PAP-4-16-0_256.out, 16 , 65536 , 16 , 0 , 4 , 1048576 , 16 , 0 , 256 , 1.2862, 0.9169, 0.9319
vortex_results/vortex_2lev_PAG-16-16-0_PAP-4-16-0_4096.out, 16 , 65536 , 16 , 0 , 4 , 1048576 , 16 , 0 , 4096 , 1.2893, 0.9184, 0.9333
vortex_results/vortex_2lev_PAG-16-16-0_PAP-4-16-0_512.out, 16 , 65536 , 16 , 0 , 4 , 1048576 , 16 , 0 , 512 , 1.2890, 0.9181, 0.9329
vortex_results/vortex_2lev_PAG-16-16-0_PAP-4-4-0_1024.out, 16 , 65536 , 16 , 0 , 4 , 256 , 4 , 0 , 1024 , 1.2642, 0.9045, 0.9202
vortex_results/vortex_2lev_PAG-16-16-0_PAP-4-4-0_128.out, 16 , 65536 , 16 , 0 , 4 , 256 , 4 , 0 , 128 , 1.2563, 0.8990, 0.9151
vortex_results/vortex_2lev_PAG-16-16-0_PAP-4-4-0_256.out, 16 , 65536 , 16 , 0 , 4 , 256 , 4 , 0 , 256 , 1.2581, 0.9008, 0.9170
vortex_results/vortex_2lev_PAG-16-16-0_PAP-4-4-0_4096.out, 16 , 65536 , 16 , 0 , 4 , 256 , 4 , 0 , 4096 , 1.2656, 0.9053, 0.9210
vortex_results/vortex_2lev_PAG-16-16-0_PAP-4-4-0_512.out, 16 , 65536 , 16 , 0 , 4 , 256 , 4 , 0 , 512 , 1.2634, 0.9042, 0.9199
vortex_results/vortex_2lev_PAG-16-16-0_PAP-4-8-0_1024.out, 16 , 65536 , 16 , 0 , 4 , 4096 , 8 , 0 , 1024 , 1.2905, 0.9176, 0.9326
vortex_results/vortex_2lev_PAG-16-16-0_PAP-4-8-0_128.out, 16 , 65536 , 16 , 0 , 4 , 4096 , 8 , 0 , 128 , 1.2860, 0.9154, 0.9304
vortex_results/vortex_2lev_PAG-16-16-0_PAP-4-8-0_256.out, 16 , 65536 , 16 , 0 , 4 , 4096 , 8 , 0 , 256 , 1.2884, 0.9170, 0.9320
vortex_results/vortex_2lev_PAG-16-16-0_PAP-4-8-0_4096.out, 16 , 65536 , 16 , 0 , 4 , 4096 , 8 , 0 , 4096 , 1.2915, 0.9186, 0.9335
vortex_results/vortex_2lev_PAG-16-16-0_PAP-4-8-0_512.out, 16 , 65536 , 16 , 0 , 4 , 4096 , 8 , 0 , 512 , 1.2899, 0.9175, 0.9325
vortex_results/vortex_2lev_PAG-16-16-0_PAP-8-16-0_1024.out, 16 , 65536 , 16 , 0 , 8 , 16777216 , 16 , 0 , 1024 , 1.2827, 0.9170, 0.9321
vortex_results/vortex_2lev_PAG-16-16-0_PAP-8-16-0_128.out, 16 , 65536 , 16 , 0 , 8 , 16777216 , 16 , 0 , 128 , 1.2838, 0.9175, 0.9317
vortex_results/vortex_2lev_PAG-16-16-0_PAP-8-16-0_256.out, 16 , 65536 , 16 , 0 , 8 , 16777216 , 16 , 0 , 256 , 1.2821, 0.9164, 0.9315
vortex_results/vortex_2lev_PAG-16-16-0_PAP-8-16-0_4096.out, 16 , 65536 , 16 , 0 , 8 , 16777216 , 16 , 0 , 4096 , 1.2839, 0.9179, 0.9330
vortex_results/vortex_2lev_PAG-16-16-0_PAP-8-16-0_512.out, 16 , 65536 , 16 , 0 , 8 , 16777216 , 16 , 0 , 512 , 1.2823, 0.9167, 0.9317
vortex_results/vortex_2lev_PAG-16-16-0_PAP-8-4-0_1024.out, 16 , 65536 , 16 , 0 , 8 , 4096 , 4 , 0 , 1024 , 1.3171, 0.9373, 0.9520
vortex_results/vortex_2lev_PAG-16-16-0_PAP-8-4-0_128.out, 16 , 65536 , 16 , 0 , 8 , 4096 , 4 , 0 , 128 , 1.3144, 0.9358, 0.9506
vortex_results/vortex_2lev_PAG-16-16-0_PAP-8-4-0_256.out, 16 , 65536 , 16 , 0 , 8 , 4096 , 4 , 0 , 256 , 1.3150, 0.9364, 0.9511
vortex_results/vortex_2lev_PAG-16-16-0_PAP-8-4-0_4096.out, 16 , 65536 , 16 , 0 , 8 , 4096 , 4 , 0 , 4096 , 1.3173, 0.9377, 0.9525
vortex_results/vortex_2lev_PAG-16-16-0_PAP-8-4-0_512.out, 16 , 65536 , 16 , 0 , 8 , 4096 , 4 , 0 , 512 , 1.3172, 0.9374, 0.9520
vortex_results/vortex_2lev_PAG-16-16-0_PAP-8-8-0_1024.out, 16 , 65536 , 16 , 0 , 8 , 65536 , 8 , 0 , 1024 , 1.3077, 0.9324, 0.9472
vortex_results/vortex_2lev_PAG-16-16-0_PAP-8-8-0_128.out, 16 , 65536 , 16 , 0 , 8 , 65536 , 8 , 0 , 128 , 1.3091, 0.9332, 0.9471
vortex_results/vortex_2lev_PAG-16-16-0_PAP-8-8-0_256.out, 16 , 65536 , 16 , 0 , 8 , 65536 , 8 , 0 , 256 , 1.3080, 0.9326, 0.9473
vortex_results/vortex_2lev_PAG-16-16-0_PAP-8-8-0_4096.out, 16 , 65536 , 16 , 0 , 8 , 65536 , 8 , 0 , 4096 , 1.3078, 0.9327, 0.9475
vortex_results/vortex_2lev_PAG-16-16-0_PAP-8-8-0_512.out, 16 , 65536 , 16 , 0 , 8 , 65536 , 8 , 0 , 512 , 1.3078, 0.9326, 0.9474
vortex_results/vortex_2lev_PAG-16-4-0_PAP-16-4-0_1024.out, 16 , 16 , 4 , 0 , 16 , 1048576 , 4 , 0 , 1024 , 1.3082, 0.9347, 0.9496
vortex_results/vortex_2lev_PAG-16-4-0_PAP-16-4-0_128.out, 16 , 16 , 4 , 0 , 16 , 1048576 , 4 , 0 , 128 , 1.3097, 0.9357, 0.9505
vortex_results/vortex_2lev_PAG-16-4-0_PAP-16-4-0_256.out, 16 , 16 , 4 , 0 , 16 , 1048576 , 4 , 0 , 256 , 1.3092, 0.9352, 0.9504
vortex_results/vortex_2lev_PAG-16-4-0_PAP-16-4-0_4096.out, 16 , 16 , 4 , 0 , 16 , 1048576 , 4 , 0 , 4096 , 1.3082, 0.9345, 0.9495
vortex_results/vortex_2lev_PAG-16-4-0_PAP-16-4-0_512.out, 16 , 16 , 4 , 0 , 16 , 1048576 , 4 , 0 , 512 , 1.3092, 0.9352, 0.9501
vortex_results/vortex_2lev_PAG-16-4-0_PAP-16-8-0_1024.out, 16 , 16 , 4 , 0 , 16 , 16777216 , 8 , 0 , 1024 , 1.2957, 0.9258, 0.9409
vortex_results/vortex_2lev_PAG-16-4-0_PAP-16-8-0_128.out, 16 , 16 , 4 , 0 , 16 , 16777216 , 8 , 0 , 128 , 1.2954, 0.9257, 0.9410
vortex_results/vortex_2lev_PAG-16-4-0_PAP-16-8-0_256.out, 16 , 16 , 4 , 0 , 16 , 16777216 , 8 , 0 , 256 , 1.2954, 0.9254, 0.9408
vortex_results/vortex_2lev_PAG-16-4-0_PAP-16-8-0_4096.out, 16 , 16 , 4 , 0 , 16 , 16777216 , 8 , 0 , 4096 , 1.2956, 0.9259, 0.9410
vortex_results/vortex_2lev_PAG-16-4-0_PAP-16-8-0_512.out, 16 , 16 , 4 , 0 , 16 , 16777216 , 8 , 0 , 512 , 1.2962, 0.9259, 0.9410
vortex_results/vortex_2lev_PAG-16-4-0_PAP-4-16-0_1024.out, 16 , 16 , 4 , 0 , 4 , 1048576 , 16 , 0 , 1024 , 1.2746, 0.9099, 0.9253
vortex_results/vortex_2lev_PAG-16-4-0_PAP-4-16-0_128.out, 16 , 16 , 4 , 0 , 4 , 1048576 , 16 , 0 , 128 , 1.2730, 0.9084, 0.9241
vortex_results/vortex_2lev_PAG-16-4-0_PAP-4-16-0_256.out, 16 , 16 , 4 , 0 , 4 , 1048576 , 16 , 0 , 256 , 1.2735, 0.9088, 0.9248
vortex_results/vortex_2lev_PAG-16-4-0_PAP-4-16-0_4096.out, 16 , 16 , 4 , 0 , 4 , 1048576 , 16 , 0 , 4096 , 1.2752, 0.9103, 0.9258
vortex_results/vortex_2lev_PAG-16-4-0_PAP-4-16-0_512.out, 16 , 16 , 4 , 0 , 4 , 1048576 , 16 , 0 , 512 , 1.2741, 0.9091, 0.9247
vortex_results/vortex_2lev_PAG-16-4-0_PAP-4-4-0_1024.out, 16 , 16 , 4 , 0 , 4 , 256 , 4 , 0 , 1024 , 1.1974, 0.8679, 0.8863
vortex_results/vortex_2lev_PAG-16-4-0_PAP-4-4-0_128.out, 16 , 16 , 4 , 0 , 4 , 256 , 4 , 0 , 128 , 1.1922, 0.8633, 0.8812
vortex_results/vortex_2lev_PAG-16-4-0_PAP-4-4-0_256.out, 16 , 16 , 4 , 0 , 4 , 256 , 4 , 0 , 256 , 1.1946, 0.8650, 0.8833
vortex_results/vortex_2lev_PAG-16-4-0_PAP-4-4-0_4096.out, 16 , 16 , 4 , 0 , 4 , 256 , 4 , 0 , 4096 , 1.1982, 0.8687, 0.8869
vortex_results/vortex_2lev_PAG-16-4-0_PAP-4-4-0_512.out, 16 , 16 , 4 , 0 , 4 , 256 , 4 , 0 , 512 , 1.1955, 0.8665, 0.8848
vortex_results/vortex_2lev_PAG-16-4-0_PAP-4-8-0_1024.out, 16 , 16 , 4 , 0 , 4 , 4096 , 8 , 0 , 1024 , 1.2732, 0.9076, 0.9233
vortex_results/vortex_2lev_PAG-16-4-0_PAP-4-8-0_128.out, 16 , 16 , 4 , 0 , 4 , 4096 , 8 , 0 , 128 , 1.2689, 0.9047, 0.9206
vortex_results/vortex_2lev_PAG-16-4-0_PAP-4-8-0_256.out, 16 , 16 , 4 , 0 , 4 , 4096 , 8 , 0 , 256 , 1.2701, 0.9054, 0.9214
vortex_results/vortex_2lev_PAG-16-4-0_PAP-4-8-0_4096.out, 16 , 16 , 4 , 0 , 4 , 4096 , 8 , 0 , 4096 , 1.2736, 0.9078, 0.9233
vortex_results/vortex_2lev_PAG-16-4-0_PAP-4-8-0_512.out, 16 , 16 , 4 , 0 , 4 , 4096 , 8 , 0 , 512 , 1.2729, 0.9067, 0.9226
vortex_results/vortex_2lev_PAG-16-4-0_PAP-8-16-0_1024.out, 16 , 16 , 4 , 0 , 8 , 16777216 , 16 , 0 , 1024 , 1.2751, 0.9129, 0.9275
vortex_results/vortex_2lev_PAG-16-4-0_PAP-8-16-0_128.out, 16 , 16 , 4 , 0 , 8 , 16777216 , 16 , 0 , 128 , 1.2732, 0.9119, 0.9262
vortex_results/vortex_2lev_PAG-16-4-0_PAP-8-16-0_256.out, 16 , 16 , 4 , 0 , 8 , 16777216 , 16 , 0 , 256 , 1.2735, 0.9119, 0.9265
vortex_results/vortex_2lev_PAG-16-4-0_PAP-8-16-0_4096.out, 16 , 16 , 4 , 0 , 8 , 16777216 , 16 , 0 , 4096 , 1.2768, 0.9138, 0.9285
vortex_results/vortex_2lev_PAG-16-4-0_PAP-8-16-0_512.out, 16 , 16 , 4 , 0 , 8 , 16777216 , 16 , 0 , 512 , 1.2746, 0.9125, 0.9271
vortex_results/vortex_2lev_PAG-16-4-0_PAP-8-4-0_1024.out, 16 , 16 , 4 , 0 , 8 , 4096 , 4 , 0 , 1024 , 1.3046, 0.9314, 0.9463
vortex_results/vortex_2lev_PAG-16-4-0_PAP-8-4-0_128.out, 16 , 16 , 4 , 0 , 8 , 4096 , 4 , 0 , 128 , 1.3064, 0.9322, 0.9467
vortex_results/vortex_2lev_PAG-16-4-0_PAP-8-4-0_256.out, 16 , 16 , 4 , 0 , 8 , 4096 , 4 , 0 , 256 , 1.3046, 0.9316, 0.9460
vortex_results/vortex_2lev_PAG-16-4-0_PAP-8-4-0_4096.out, 16 , 16 , 4 , 0 , 8 , 4096 , 4 , 0 , 4096 , 1.3044, 0.9313, 0.9463
vortex_results/vortex_2lev_PAG-16-4-0_PAP-8-4-0_512.out, 16 , 16 , 4 , 0 , 8 , 4096 , 4 , 0 , 512 , 1.3046, 0.9316, 0.9464
vortex_results/vortex_2lev_PAG-16-4-0_PAP-8-8-0_1024.out, 16 , 16 , 4 , 0 , 8 , 65536 , 8 , 0 , 1024 , 1.3048, 0.9306, 0.9447
vortex_results/vortex_2lev_PAG-16-4-0_PAP-8-8-0_128.out, 16 , 16 , 4 , 0 , 8 , 65536 , 8 , 0 , 128 , 1.3058, 0.9312, 0.9452
vortex_results/vortex_2lev_PAG-16-4-0_PAP-8-8-0_256.out, 16 , 16 , 4 , 0 , 8 , 65536 , 8 , 0 , 256 , 1.3045, 0.9304, 0.9447
vortex_results/vortex_2lev_PAG-16-4-0_PAP-8-8-0_4096.out, 16 , 16 , 4 , 0 , 8 , 65536 , 8 , 0 , 4096 , 1.3049, 0.9307, 0.9448
vortex_results/vortex_2lev_PAG-16-4-0_PAP-8-8-0_512.out, 16 , 16 , 4 , 0 , 8 , 65536 , 8 , 0 , 512 , 1.3044, 0.9305, 0.9447
vortex_results/vortex_2lev_PAG-16-8-0_PAP-16-4-0_1024.out, 16 , 256 , 8 , 0 , 16 , 1048576 , 4 , 0 , 1024 , 1.3093, 0.9347, 0.9496
vortex_results/vortex_2lev_PAG-16-8-0_PAP-16-4-0_128.out, 16 , 256 , 8 , 0 , 16 , 1048576 , 4 , 0 , 128 , 1.3111, 0.9358, 0.9505
vortex_results/vortex_2lev_PAG-16-8-0_PAP-16-4-0_256.out, 16 , 256 , 8 , 0 , 16 , 1048576 , 4 , 0 , 256 , 1.3101, 0.9355, 0.9504
vortex_results/vortex_2lev_PAG-16-8-0_PAP-16-4-0_4096.out, 16 , 256 , 8 , 0 , 16 , 1048576 , 4 , 0 , 4096 , 1.3092, 0.9345, 0.9494
vortex_results/vortex_2lev_PAG-16-8-0_PAP-16-4-0_512.out, 16 , 256 , 8 , 0 , 16 , 1048576 , 4 , 0 , 512 , 1.3103, 0.9353, 0.9501
vortex_results/vortex_2lev_PAG-16-8-0_PAP-16-8-0_1024.out, 16 , 256 , 8 , 0 , 16 , 16777216 , 8 , 0 , 1024 , 1.2960, 0.9253, 0.9406
vortex_results/vortex_2lev_PAG-16-8-0_PAP-16-8-0_128.out, 16 , 256 , 8 , 0 , 16 , 16777216 , 8 , 0 , 128 , 1.2951, 0.9254, 0.9405
vortex_results/vortex_2lev_PAG-16-8-0_PAP-16-8-0_256.out, 16 , 256 , 8 , 0 , 16 , 16777216 , 8 , 0 , 256 , 1.2959, 0.9255, 0.9407
vortex_results/vortex_2lev_PAG-16-8-0_PAP-16-8-0_4096.out, 16 , 256 , 8 , 0 , 16 , 16777216 , 8 , 0 , 4096 , 1.2961, 0.9253, 0.9406
vortex_results/vortex_2lev_PAG-16-8-0_PAP-16-8-0_512.out, 16 , 256 , 8 , 0 , 16 , 16777216 , 8 , 0 , 512 , 1.2964, 0.9253, 0.9405
vortex_results/vortex_2lev_PAG-16-8-0_PAP-4-16-0_1024.out, 16 , 256 , 8 , 0 , 4 , 1048576 , 16 , 0 , 1024 , 1.2826, 0.9141, 0.9292
vortex_results/vortex_2lev_PAG-16-8-0_PAP-4-16-0_128.out, 16 , 256 , 8 , 0 , 4 , 1048576 , 16 , 0 , 128 , 1.2785, 0.9112, 0.9263
vortex_results/vortex_2lev_PAG-16-8-0_PAP-4-16-0_256.out, 16 , 256 , 8 , 0 , 4 , 1048576 , 16 , 0 , 256 , 1.2824, 0.9134, 0.9285
vortex_results/vortex_2lev_PAG-16-8-0_PAP-4-16-0_4096.out, 16 , 256 , 8 , 0 , 4 , 1048576 , 16 , 0 , 4096 , 1.2826, 0.9142, 0.9295
vortex_results/vortex_2lev_PAG-16-8-0_PAP-4-16-0_512.out, 16 , 256 , 8 , 0 , 4 , 1048576 , 16 , 0 , 512 , 1.2818, 0.9130, 0.9283
vortex_results/vortex_2lev_PAG-16-8-0_PAP-4-4-0_1024.out, 16 , 256 , 8 , 0 , 4 , 256 , 4 , 0 , 1024 , 1.2367, 0.8876, 0.9045
vortex_results/vortex_2lev_PAG-16-8-0_PAP-4-4-0_128.out, 16 , 256 , 8 , 0 , 4 , 256 , 4 , 0 , 128 , 1.2232, 0.8777, 0.8947
vortex_results/vortex_2lev_PAG-16-8-0_PAP-4-4-0_256.out, 16 , 256 , 8 , 0 , 4 , 256 , 4 , 0 , 256 , 1.2336, 0.8848, 0.9015
vortex_results/vortex_2lev_PAG-16-8-0_PAP-4-4-0_4096.out, 16 , 256 , 8 , 0 , 4 , 256 , 4 , 0 , 4096 , 1.2386, 0.8886, 0.9052
vortex_results/vortex_2lev_PAG-16-8-0_PAP-4-4-0_512.out, 16 , 256 , 8 , 0 , 4 , 256 , 4 , 0 , 512 , 1.2362, 0.8871, 0.9037
vortex_results/vortex_2lev_PAG-16-8-0_PAP-4-8-0_1024.out, 16 , 256 , 8 , 0 , 4 , 4096 , 8 , 0 , 1024 , 1.2822, 0.9124, 0.9276
vortex_results/vortex_2lev_PAG-16-8-0_PAP-4-8-0_128.out, 16 , 256 , 8 , 0 , 4 , 4096 , 8 , 0 , 128 , 1.2765, 0.9086, 0.9240
vortex_results/vortex_2lev_PAG-16-8-0_PAP-4-8-0_256.out, 16 , 256 , 8 , 0 , 4 , 4096 , 8 , 0 , 256 , 1.2785, 0.9100, 0.9254
vortex_results/vortex_2lev_PAG-16-8-0_PAP-4-8-0_4096.out, 16 , 256 , 8 , 0 , 4 , 4096 , 8 , 0 , 4096 , 1.2810, 0.9118, 0.9271
vortex_results/vortex_2lev_PAG-16-8-0_PAP-4-8-0_512.out, 16 , 256 , 8 , 0 , 4 , 4096 , 8 , 0 , 512 , 1.2800, 0.9108, 0.9261
vortex_results/vortex_2lev_PAG-16-8-0_PAP-8-16-0_1024.out, 16 , 256 , 8 , 0 , 8 , 16777216 , 16 , 0 , 1024 , 1.2835, 0.9158, 0.9301
vortex_results/vortex_2lev_PAG-16-8-0_PAP-8-16-0_128.out, 16 , 256 , 8 , 0 , 8 , 16777216 , 16 , 0 , 128 , 1.2811, 0.9144, 0.9288
vortex_results/vortex_2lev_PAG-16-8-0_PAP-8-16-0_256.out, 16 , 256 , 8 , 0 , 8 , 16777216 , 16 , 0 , 256 , 1.2827, 0.9153, 0.9296
vortex_results/vortex_2lev_PAG-16-8-0_PAP-8-16-0_4096.out, 16 , 256 , 8 , 0 , 8 , 16777216 , 16 , 0 , 4096 , 1.2847, 0.9168, 0.9311
vortex_results/vortex_2lev_PAG-16-8-0_PAP-8-16-0_512.out, 16 , 256 , 8 , 0 , 8 , 16777216 , 16 , 0 , 512 , 1.2822, 0.9153, 0.9296
vortex_results/vortex_2lev_PAG-16-8-0_PAP-8-4-0_1024.out, 16 , 256 , 8 , 0 , 8 , 4096 , 4 , 0 , 1024 , 1.3067, 0.9317, 0.9470
vortex_results/vortex_2lev_PAG-16-8-0_PAP-8-4-0_128.out, 16 , 256 , 8 , 0 , 8 , 4096 , 4 , 0 , 128 , 1.3064, 0.9317, 0.9474
vortex_results/vortex_2lev_PAG-16-8-0_PAP-8-4-0_256.out, 16 , 256 , 8 , 0 , 8 , 4096 , 4 , 0 , 256 , 1.3061, 0.9317, 0.9470
vortex_results/vortex_2lev_PAG-16-8-0_PAP-8-4-0_4096.out, 16 , 256 , 8 , 0 , 8 , 4096 , 4 , 0 , 4096 , 1.3071, 0.9324, 0.9475
vortex_results/vortex_2lev_PAG-16-8-0_PAP-8-4-0_512.out, 16 , 256 , 8 , 0 , 8 , 4096 , 4 , 0 , 512 , 1.3072, 0.9319, 0.9472
vortex_results/vortex_2lev_PAG-16-8-0_PAP-8-8-0_1024.out, 16 , 256 , 8 , 0 , 8 , 65536 , 8 , 0 , 1024 , 1.3077, 0.9314, 0.9456
vortex_results/vortex_2lev_PAG-16-8-0_PAP-8-8-0_128.out, 16 , 256 , 8 , 0 , 8 , 65536 , 8 , 0 , 128 , 1.3072, 0.9315, 0.9456
vortex_results/vortex_2lev_PAG-16-8-0_PAP-8-8-0_256.out, 16 , 256 , 8 , 0 , 8 , 65536 , 8 , 0 , 256 , 1.3077, 0.9319, 0.9460
vortex_results/vortex_2lev_PAG-16-8-0_PAP-8-8-0_4096.out, 16 , 256 , 8 , 0 , 8 , 65536 , 8 , 0 , 4096 , 1.3078, 0.9315, 0.9458
vortex_results/vortex_2lev_PAG-16-8-0_PAP-8-8-0_512.out, 16 , 256 , 8 , 0 , 8 , 65536 , 8 , 0 , 512 , 1.3069, 0.9313, 0.9455
vortex_results/vortex_2lev_PAG-32-16-0_PAP-16-4-0_1024.out, 32 , 65536 , 16 , 0 , 16 , 1048576 , 4 , 0 , 1024 , 1.3165, 0.9381, 0.9525
vortex_results/vortex_2lev_PAG-32-16-0_PAP-16-4-0_128.out, 32 , 65536 , 16 , 0 , 16 , 1048576 , 4 , 0 , 128 , 1.3168, 0.9383, 0.9528
vortex_results/vortex_2lev_PAG-32-16-0_PAP-16-4-0_256.out, 32 , 65536 , 16 , 0 , 16 , 1048576 , 4 , 0 , 256 , 1.3174, 0.9388, 0.9532
vortex_results/vortex_2lev_PAG-32-16-0_PAP-16-4-0_4096.out, 32 , 65536 , 16 , 0 , 16 , 1048576 , 4 , 0 , 4096 , 1.3136, 0.9368, 0.9524
vortex_results/vortex_2lev_PAG-32-16-0_PAP-16-4-0_512.out, 32 , 65536 , 16 , 0 , 16 , 1048576 , 4 , 0 , 512 , 1.3166, 0.9383, 0.9529
vortex_results/vortex_2lev_PAG-32-16-0_PAP-16-8-0_1024.out, 32 , 65536 , 16 , 0 , 16 , 16777216 , 8 , 0 , 1024 , 1.2980, 0.9272, 0.9425
vortex_results/vortex_2lev_PAG-32-16-0_PAP-16-8-0_128.out, 32 , 65536 , 16 , 0 , 16 , 16777216 , 8 , 0 , 128 , 1.2988, 0.9272, 0.9424
vortex_results/vortex_2lev_PAG-32-16-0_PAP-16-8-0_256.out, 32 , 65536 , 16 , 0 , 16 , 16777216 , 8 , 0 , 256 , 1.2984, 0.9275, 0.9428
vortex_results/vortex_2lev_PAG-32-16-0_PAP-16-8-0_4096.out, 32 , 65536 , 16 , 0 , 16 , 16777216 , 8 , 0 , 4096 , 1.2975, 0.9270, 0.9424
vortex_results/vortex_2lev_PAG-32-16-0_PAP-16-8-0_512.out, 32 , 65536 , 16 , 0 , 16 , 16777216 , 8 , 0 , 512 , 1.2975, 0.9272, 0.9425
vortex_results/vortex_2lev_PAG-32-16-0_PAP-4-16-0_1024.out, 32 , 65536 , 16 , 0 , 4 , 1048576 , 16 , 0 , 1024 , 1.2854, 0.9186, 0.9344
vortex_results/vortex_2lev_PAG-32-16-0_PAP-4-16-0_128.out, 32 , 65536 , 16 , 0 , 4 , 1048576 , 16 , 0 , 128 , 1.2822, 0.9160, 0.9318
vortex_results/vortex_2lev_PAG-32-16-0_PAP-4-16-0_256.out, 32 , 65536 , 16 , 0 , 4 , 1048576 , 16 , 0 , 256 , 1.2846, 0.9178, 0.9336
vortex_results/vortex_2lev_PAG-32-16-0_PAP-4-16-0_4096.out, 32 , 65536 , 16 , 0 , 4 , 1048576 , 16 , 0 , 4096 , 1.2860, 0.9188, 0.9350
vortex_results/vortex_2lev_PAG-32-16-0_PAP-4-16-0_512.out, 32 , 65536 , 16 , 0 , 4 , 1048576 , 16 , 0 , 512 , 1.2860, 0.9185, 0.9343
vortex_results/vortex_2lev_PAG-32-16-0_PAP-4-4-0_1024.out, 32 , 65536 , 16 , 0 , 4 , 256 , 4 , 0 , 1024 , 1.2638, 0.9052, 0.9213
vortex_results/vortex_2lev_PAG-32-16-0_PAP-4-4-0_128.out, 32 , 65536 , 16 , 0 , 4 , 256 , 4 , 0 , 128 , 1.2554, 0.9001, 0.9162
vortex_results/vortex_2lev_PAG-32-16-0_PAP-4-4-0_256.out, 32 , 65536 , 16 , 0 , 4 , 256 , 4 , 0 , 256 , 1.2589, 0.9025, 0.9186
vortex_results/vortex_2lev_PAG-32-16-0_PAP-4-4-0_4096.out, 32 , 65536 , 16 , 0 , 4 , 256 , 4 , 0 , 4096 , 1.2670, 0.9070, 0.9229
vortex_results/vortex_2lev_PAG-32-16-0_PAP-4-4-0_512.out, 32 , 65536 , 16 , 0 , 4 , 256 , 4 , 0 , 512 , 1.2627, 0.9044, 0.9203
vortex_results/vortex_2lev_PAG-32-16-0_PAP-4-8-0_1024.out, 32 , 65536 , 16 , 0 , 4 , 4096 , 8 , 0 , 1024 , 1.2905, 0.9196, 0.9344
vortex_results/vortex_2lev_PAG-32-16-0_PAP-4-8-0_128.out, 32 , 65536 , 16 , 0 , 4 , 4096 , 8 , 0 , 128 , 1.2855, 0.9162, 0.9313
vortex_results/vortex_2lev_PAG-32-16-0_PAP-4-8-0_256.out, 32 , 65536 , 16 , 0 , 4 , 4096 , 8 , 0 , 256 , 1.2877, 0.9178, 0.9327
vortex_results/vortex_2lev_PAG-32-16-0_PAP-4-8-0_4096.out, 32 , 65536 , 16 , 0 , 4 , 4096 , 8 , 0 , 4096 , 1.2909, 0.9201, 0.9348
vortex_results/vortex_2lev_PAG-32-16-0_PAP-4-8-0_512.out, 32 , 65536 , 16 , 0 , 4 , 4096 , 8 , 0 , 512 , 1.2894, 0.9190, 0.9338
vortex_results/vortex_2lev_PAG-32-16-0_PAP-8-16-0_1024.out, 32 , 65536 , 16 , 0 , 8 , 16777216 , 16 , 0 , 1024 , 1.2847, 0.9190, 0.9345
vortex_results/vortex_2lev_PAG-32-16-0_PAP-8-16-0_128.out, 32 , 65536 , 16 , 0 , 8 , 16777216 , 16 , 0 , 128 , 1.2860, 0.9188, 0.9334
vortex_results/vortex_2lev_PAG-32-16-0_PAP-8-16-0_256.out, 32 , 65536 , 16 , 0 , 8 , 16777216 , 16 , 0 , 256 , 1.2849, 0.9187, 0.9339
vortex_results/vortex_2lev_PAG-32-16-0_PAP-8-16-0_4096.out, 32 , 65536 , 16 , 0 , 8 , 16777216 , 16 , 0 , 4096 , 1.2856, 0.9196, 0.9352
vortex_results/vortex_2lev_PAG-32-16-0_PAP-8-16-0_512.out, 32 , 65536 , 16 , 0 , 8 , 16777216 , 16 , 0 , 512 , 1.2844, 0.9187, 0.9341
vortex_results/vortex_2lev_PAG-32-16-0_PAP-8-4-0_1024.out, 32 , 65536 , 16 , 0 , 8 , 4096 , 4 , 0 , 1024 , 1.3132, 0.9362, 0.9511
vortex_results/vortex_2lev_PAG-32-16-0_PAP-8-4-0_128.out, 32 , 65536 , 16 , 0 , 8 , 4096 , 4 , 0 , 128 , 1.3123, 0.9349, 0.9498
vortex_results/vortex_2lev_PAG-32-16-0_PAP-8-4-0_256.out, 32 , 65536 , 16 , 0 , 8 , 4096 , 4 , 0 , 256 , 1.3123, 0.9351, 0.9500
vortex_results/vortex_2lev_PAG-32-16-0_PAP-8-4-0_4096.out, 32 , 65536 , 16 , 0 , 8 , 4096 , 4 , 0 , 4096 , 1.3147, 0.9367, 0.9515
vortex_results/vortex_2lev_PAG-32-16-0_PAP-8-4-0_512.out, 32 , 65536 , 16 , 0 , 8 , 4096 , 4 , 0 , 512 , 1.3143, 0.9363, 0.9511
vortex_results/vortex_2lev_PAG-32-16-0_PAP-8-8-0_1024.out, 32 , 65536 , 16 , 0 , 8 , 65536 , 8 , 0 , 1024 , 1.3071, 0.9325, 0.9477
vortex_results/vortex_2lev_PAG-32-16-0_PAP-8-8-0_128.out, 32 , 65536 , 16 , 0 , 8 , 65536 , 8 , 0 , 128 , 1.3058, 0.9315, 0.9465
vortex_results/vortex_2lev_PAG-32-16-0_PAP-8-8-0_256.out, 32 , 65536 , 16 , 0 , 8 , 65536 , 8 , 0 , 256 , 1.3061, 0.9317, 0.9467
vortex_results/vortex_2lev_PAG-32-16-0_PAP-8-8-0_4096.out, 32 , 65536 , 16 , 0 , 8 , 65536 , 8 , 0 , 4096 , 1.3079, 0.9329, 0.9479
vortex_results/vortex_2lev_PAG-32-16-0_PAP-8-8-0_512.out, 32 , 65536 , 16 , 0 , 8 , 65536 , 8 , 0 , 512 , 1.3063, 0.9323, 0.9474
vortex_results/vortex_2lev_PAG-32-4-0_PAP-16-4-0_1024.out, 32 , 16 , 4 , 0 , 16 , 1048576 , 4 , 0 , 1024 , 1.3085, 0.9348, 0.9498
vortex_results/vortex_2lev_PAG-32-4-0_PAP-16-4-0_128.out, 32 , 16 , 4 , 0 , 16 , 1048576 , 4 , 0 , 128 , 1.3097, 0.9351, 0.9502
vortex_results/vortex_2lev_PAG-32-4-0_PAP-16-4-0_256.out, 32 , 16 , 4 , 0 , 16 , 1048576 , 4 , 0 , 256 , 1.3097, 0.9352, 0.9502
vortex_results/vortex_2lev_PAG-32-4-0_PAP-16-4-0_4096.out, 32 , 16 , 4 , 0 , 16 , 1048576 , 4 , 0 , 4096 , 1.3082, 0.9348, 0.9498
vortex_results/vortex_2lev_PAG-32-4-0_PAP-16-4-0_512.out, 32 , 16 , 4 , 0 , 16 , 1048576 , 4 , 0 , 512 , 1.3090, 0.9349, 0.9499
vortex_results/vortex_2lev_PAG-32-4-0_PAP-16-8-0_1024.out, 32 , 16 , 4 , 0 , 16 , 16777216 , 8 , 0 , 1024 , 1.2962, 0.9256, 0.9410
vortex_results/vortex_2lev_PAG-32-4-0_PAP-16-8-0_128.out, 32 , 16 , 4 , 0 , 16 , 16777216 , 8 , 0 , 128 , 1.2963, 0.9258, 0.9411
vortex_results/vortex_2lev_PAG-32-4-0_PAP-16-8-0_256.out, 32 , 16 , 4 , 0 , 16 , 16777216 , 8 , 0 , 256 , 1.2967, 0.9256, 0.9410
vortex_results/vortex_2lev_PAG-32-4-0_PAP-16-8-0_4096.out, 32 , 16 , 4 , 0 , 16 , 16777216 , 8 , 0 , 4096 , 1.2959, 0.9257, 0.9412
vortex_results/vortex_2lev_PAG-32-4-0_PAP-16-8-0_512.out, 32 , 16 , 4 , 0 , 16 , 16777216 , 8 , 0 , 512 , 1.2961, 0.9254, 0.9408
vortex_results/vortex_2lev_PAG-32-4-0_PAP-4-16-0_1024.out, 32 , 16 , 4 , 0 , 4 , 1048576 , 16 , 0 , 1024 , 1.2793, 0.9140, 0.9295
vortex_results/vortex_2lev_PAG-32-4-0_PAP-4-16-0_128.out, 32 , 16 , 4 , 0 , 4 , 1048576 , 16 , 0 , 128 , 1.2740, 0.9107, 0.9258
vortex_results/vortex_2lev_PAG-32-4-0_PAP-4-16-0_256.out, 32 , 16 , 4 , 0 , 4 , 1048576 , 16 , 0 , 256 , 1.2782, 0.9130, 0.9277
vortex_results/vortex_2lev_PAG-32-4-0_PAP-4-16-0_4096.out, 32 , 16 , 4 , 0 , 4 , 1048576 , 16 , 0 , 4096 , 1.2798, 0.9144, 0.9299
vortex_results/vortex_2lev_PAG-32-4-0_PAP-4-16-0_512.out, 32 , 16 , 4 , 0 , 4 , 1048576 , 16 , 0 , 512 , 1.2786, 0.9132, 0.9283
vortex_results/vortex_2lev_PAG-32-4-0_PAP-4-4-0_1024.out, 32 , 16 , 4 , 0 , 4 , 256 , 4 , 0 , 1024 , 1.2107, 0.8765, 0.8952
vortex_results/vortex_2lev_PAG-32-4-0_PAP-4-4-0_128.out, 32 , 16 , 4 , 0 , 4 , 256 , 4 , 0 , 128 , 1.2020, 0.8698, 0.8878
vortex_results/vortex_2lev_PAG-32-4-0_PAP-4-4-0_256.out, 32 , 16 , 4 , 0 , 4 , 256 , 4 , 0 , 256 , 1.2099, 0.8742, 0.8922
vortex_results/vortex_2lev_PAG-32-4-0_PAP-4-4-0_4096.out, 32 , 16 , 4 , 0 , 4 , 256 , 4 , 0 , 4096 , 1.2141, 0.8780, 0.8967
vortex_results/vortex_2lev_PAG-32-4-0_PAP-4-4-0_512.out, 32 , 16 , 4 , 0 , 4 , 256 , 4 , 0 , 512 , 1.2106, 0.8756, 0.8935
vortex_results/vortex_2lev_PAG-32-4-0_PAP-4-8-0_1024.out, 32 , 16 , 4 , 0 , 4 , 4096 , 8 , 0 , 1024 , 1.2755, 0.9101, 0.9263
vortex_results/vortex_2lev_PAG-32-4-0_PAP-4-8-0_128.out, 32 , 16 , 4 , 0 , 4 , 4096 , 8 , 0 , 128 , 1.2735, 0.9080, 0.9236
vortex_results/vortex_2lev_PAG-32-4-0_PAP-4-8-0_256.out, 32 , 16 , 4 , 0 , 4 , 4096 , 8 , 0 , 256 , 1.2756, 0.9086, 0.9243
vortex_results/vortex_2lev_PAG-32-4-0_PAP-4-8-0_4096.out, 32 , 16 , 4 , 0 , 4 , 4096 , 8 , 0 , 4096 , 1.2746, 0.9100, 0.9261
vortex_results/vortex_2lev_PAG-32-4-0_PAP-4-8-0_512.out, 32 , 16 , 4 , 0 , 4 , 4096 , 8 , 0 , 512 , 1.2756, 0.9094, 0.9249
vortex_results/vortex_2lev_PAG-32-4-0_PAP-8-16-0_1024.out, 32 , 16 , 4 , 0 , 8 , 16777216 , 16 , 0 , 1024 , 1.2782, 0.9143, 0.9291
vortex_results/vortex_2lev_PAG-32-4-0_PAP-8-16-0_128.out, 32 , 16 , 4 , 0 , 8 , 16777216 , 16 , 0 , 128 , 1.2761, 0.9125, 0.9268
vortex_results/vortex_2lev_PAG-32-4-0_PAP-8-16-0_256.out, 32 , 16 , 4 , 0 , 8 , 16777216 , 16 , 0 , 256 , 1.2775, 0.9132, 0.9276
vortex_results/vortex_2lev_PAG-32-4-0_PAP-8-16-0_4096.out, 32 , 16 , 4 , 0 , 8 , 16777216 , 16 , 0 , 4096 , 1.2785, 0.9150, 0.9298
vortex_results/vortex_2lev_PAG-32-4-0_PAP-8-16-0_512.out, 32 , 16 , 4 , 0 , 8 , 16777216 , 16 , 0 , 512 , 1.2781, 0.9140, 0.9287
vortex_results/vortex_2lev_PAG-32-4-0_PAP-8-4-0_1024.out, 32 , 16 , 4 , 0 , 8 , 4096 , 4 , 0 , 1024 , 1.3067, 0.9323, 0.9469
vortex_results/vortex_2lev_PAG-32-4-0_PAP-8-4-0_128.out, 32 , 16 , 4 , 0 , 8 , 4096 , 4 , 0 , 128 , 1.3055, 0.9316, 0.9464
vortex_results/vortex_2lev_PAG-32-4-0_PAP-8-4-0_256.out, 32 , 16 , 4 , 0 , 8 , 4096 , 4 , 0 , 256 , 1.3068, 0.9321, 0.9466
vortex_results/vortex_2lev_PAG-32-4-0_PAP-8-4-0_4096.out, 32 , 16 , 4 , 0 , 8 , 4096 , 4 , 0 , 4096 , 1.3064, 0.9324, 0.9471
vortex_results/vortex_2lev_PAG-32-4-0_PAP-8-4-0_512.out, 32 , 16 , 4 , 0 , 8 , 4096 , 4 , 0 , 512 , 1.3066, 0.9320, 0.9466
vortex_results/vortex_2lev_PAG-32-4-0_PAP-8-8-0_1024.out, 32 , 16 , 4 , 0 , 8 , 65536 , 8 , 0 , 1024 , 1.3064, 0.9317, 0.9458
vortex_results/vortex_2lev_PAG-32-4-0_PAP-8-8-0_128.out, 32 , 16 , 4 , 0 , 8 , 65536 , 8 , 0 , 128 , 1.3057, 0.9312, 0.9454
vortex_results/vortex_2lev_PAG-32-4-0_PAP-8-8-0_256.out, 32 , 16 , 4 , 0 , 8 , 65536 , 8 , 0 , 256 , 1.3060, 0.9314, 0.9455
vortex_results/vortex_2lev_PAG-32-4-0_PAP-8-8-0_4096.out, 32 , 16 , 4 , 0 , 8 , 65536 , 8 , 0 , 4096 , 1.3059, 0.9315, 0.9458
vortex_results/vortex_2lev_PAG-32-4-0_PAP-8-8-0_512.out, 32 , 16 , 4 , 0 , 8 , 65536 , 8 , 0 , 512 , 1.3053, 0.9312, 0.9453
vortex_results/vortex_2lev_PAG-32-8-0_PAP-16-4-0_1024.out, 32 , 256 , 8 , 0 , 16 , 1048576 , 4 , 0 , 1024 , 1.3103, 0.9354, 0.9502
vortex_results/vortex_2lev_PAG-32-8-0_PAP-16-4-0_128.out, 32 , 256 , 8 , 0 , 16 , 1048576 , 4 , 0 , 128 , 1.3100, 0.9357, 0.9497
vortex_results/vortex_2lev_PAG-32-8-0_PAP-16-4-0_256.out, 32 , 256 , 8 , 0 , 16 , 1048576 , 4 , 0 , 256 , 1.3113, 0.9358, 0.9507
vortex_results/vortex_2lev_PAG-32-8-0_PAP-16-4-0_4096.out, 32 , 256 , 8 , 0 , 16 , 1048576 , 4 , 0 , 4096 , 1.3102, 0.9353, 0.9502
vortex_results/vortex_2lev_PAG-32-8-0_PAP-16-4-0_512.out, 32 , 256 , 8 , 0 , 16 , 1048576 , 4 , 0 , 512 , 1.3102, 0.9354, 0.9503
vortex_results/vortex_2lev_PAG-32-8-0_PAP-16-8-0_1024.out, 32 , 256 , 8 , 0 , 16 , 16777216 , 8 , 0 , 1024 , 1.2971, 0.9263, 0.9417
vortex_results/vortex_2lev_PAG-32-8-0_PAP-16-8-0_128.out, 32 , 256 , 8 , 0 , 16 , 16777216 , 8 , 0 , 128 , 1.2954, 0.9254, 0.9406
vortex_results/vortex_2lev_PAG-32-8-0_PAP-16-8-0_256.out, 32 , 256 , 8 , 0 , 16 , 16777216 , 8 , 0 , 256 , 1.2978, 0.9264, 0.9416
vortex_results/vortex_2lev_PAG-32-8-0_PAP-16-8-0_4096.out, 32 , 256 , 8 , 0 , 16 , 16777216 , 8 , 0 , 4096 , 1.2972, 0.9264, 0.9419
vortex_results/vortex_2lev_PAG-32-8-0_PAP-16-8-0_512.out, 32 , 256 , 8 , 0 , 16 , 16777216 , 8 , 0 , 512 , 1.2975, 0.9264, 0.9417
vortex_results/vortex_2lev_PAG-32-8-0_PAP-4-16-0_1024.out, 32 , 256 , 8 , 0 , 4 , 1048576 , 16 , 0 , 1024 , 1.2851, 0.9181, 0.9335
vortex_results/vortex_2lev_PAG-32-8-0_PAP-4-16-0_128.out, 32 , 256 , 8 , 0 , 4 , 1048576 , 16 , 0 , 128 , 1.2823, 0.9156, 0.9308
vortex_results/vortex_2lev_PAG-32-8-0_PAP-4-16-0_256.out, 32 , 256 , 8 , 0 , 4 , 1048576 , 16 , 0 , 256 , 1.2844, 0.9167, 0.9318
vortex_results/vortex_2lev_PAG-32-8-0_PAP-4-16-0_4096.out, 32 , 256 , 8 , 0 , 4 , 1048576 , 16 , 0 , 4096 , 1.2853, 0.9183, 0.9339
vortex_results/vortex_2lev_PAG-32-8-0_PAP-4-16-0_512.out, 32 , 256 , 8 , 0 , 4 , 1048576 , 16 , 0 , 512 , 1.2855, 0.9176, 0.9326
vortex_results/vortex_2lev_PAG-32-8-0_PAP-4-4-0_1024.out, 32 , 256 , 8 , 0 , 4 , 256 , 4 , 0 , 1024 , 1.2438, 0.8939, 0.9103
vortex_results/vortex_2lev_PAG-32-8-0_PAP-4-4-0_128.out, 32 , 256 , 8 , 0 , 4 , 256 , 4 , 0 , 128 , 1.2351, 0.8888, 0.9050
vortex_results/vortex_2lev_PAG-32-8-0_PAP-4-4-0_256.out, 32 , 256 , 8 , 0 , 4 , 256 , 4 , 0 , 256 , 1.2415, 0.8923, 0.9084
vortex_results/vortex_2lev_PAG-32-8-0_PAP-4-4-0_4096.out, 32 , 256 , 8 , 0 , 4 , 256 , 4 , 0 , 4096 , 1.2460, 0.8956, 0.9118
vortex_results/vortex_2lev_PAG-32-8-0_PAP-4-4-0_512.out, 32 , 256 , 8 , 0 , 4 , 256 , 4 , 0 , 512 , 1.2450, 0.8942, 0.9098
vortex_results/vortex_2lev_PAG-32-8-0_PAP-4-8-0_1024.out, 32 , 256 , 8 , 0 , 4 , 4096 , 8 , 0 , 1024 , 1.2850, 0.9161, 0.9305
vortex_results/vortex_2lev_PAG-32-8-0_PAP-4-8-0_128.out, 32 , 256 , 8 , 0 , 4 , 4096 , 8 , 0 , 128 , 1.2813, 0.9127, 0.9274
vortex_results/vortex_2lev_PAG-32-8-0_PAP-4-8-0_256.out, 32 , 256 , 8 , 0 , 4 , 4096 , 8 , 0 , 256 , 1.2828, 0.9141, 0.9287
vortex_results/vortex_2lev_PAG-32-8-0_PAP-4-8-0_4096.out, 32 , 256 , 8 , 0 , 4 , 4096 , 8 , 0 , 4096 , 1.2859, 0.9166, 0.9311
vortex_results/vortex_2lev_PAG-32-8-0_PAP-4-8-0_512.out, 32 , 256 , 8 , 0 , 4 , 4096 , 8 , 0 , 512 , 1.2839, 0.9153, 0.9297
vortex_results/vortex_2lev_PAG-32-8-0_PAP-8-16-0_1024.out, 32 , 256 , 8 , 0 , 8 , 16777216 , 16 , 0 , 1024 , 1.2861, 0.9186, 0.9330
vortex_results/vortex_2lev_PAG-32-8-0_PAP-8-16-0_128.out, 32 , 256 , 8 , 0 , 8 , 16777216 , 16 , 0 , 128 , 1.2848, 0.9172, 0.9312
vortex_results/vortex_2lev_PAG-32-8-0_PAP-8-16-0_256.out, 32 , 256 , 8 , 0 , 8 , 16777216 , 16 , 0 , 256 , 1.2854, 0.9180, 0.9320
vortex_results/vortex_2lev_PAG-32-8-0_PAP-8-16-0_4096.out, 32 , 256 , 8 , 0 , 8 , 16777216 , 16 , 0 , 4096 , 1.2869, 0.9193, 0.9337
vortex_results/vortex_2lev_PAG-32-8-0_PAP-8-16-0_512.out, 32 , 256 , 8 , 0 , 8 , 16777216 , 16 , 0 , 512 , 1.2851, 0.9181, 0.9322
vortex_results/vortex_2lev_PAG-32-8-0_PAP-8-4-0_1024.out, 32 , 256 , 8 , 0 , 8 , 4096 , 4 , 0 , 1024 , 1.3101, 0.9337, 0.9482
vortex_results/vortex_2lev_PAG-32-8-0_PAP-8-4-0_128.out, 32 , 256 , 8 , 0 , 8 , 4096 , 4 , 0 , 128 , 1.3056, 0.9312, 0.9466
vortex_results/vortex_2lev_PAG-32-8-0_PAP-8-4-0_256.out, 32 , 256 , 8 , 0 , 8 , 4096 , 4 , 0 , 256 , 1.3089, 0.9328, 0.9478
vortex_results/vortex_2lev_PAG-32-8-0_PAP-8-4-0_4096.out, 32 , 256 , 8 , 0 , 8 , 4096 , 4 , 0 , 4096 , 1.3101, 0.9343, 0.9490
vortex_results/vortex_2lev_PAG-32-8-0_PAP-8-4-0_512.out, 32 , 256 , 8 , 0 , 8 , 4096 , 4 , 0 , 512 , 1.3099, 0.9336, 0.9483
vortex_results/vortex_2lev_PAG-32-8-0_PAP-8-8-0_1024.out, 32 , 256 , 8 , 0 , 8 , 65536 , 8 , 0 , 1024 , 1.3080, 0.9322, 0.9462
vortex_results/vortex_2lev_PAG-32-8-0_PAP-8-8-0_128.out, 32 , 256 , 8 , 0 , 8 , 65536 , 8 , 0 , 128 , 1.3068, 0.9313, 0.9452
vortex_results/vortex_2lev_PAG-32-8-0_PAP-8-8-0_256.out, 32 , 256 , 8 , 0 , 8 , 65536 , 8 , 0 , 256 , 1.3068, 0.9320, 0.9460
vortex_results/vortex_2lev_PAG-32-8-0_PAP-8-8-0_4096.out, 32 , 256 , 8 , 0 , 8 , 65536 , 8 , 0 , 4096 , 1.3081, 0.9324, 0.9464
vortex_results/vortex_2lev_PAG-32-8-0_PAP-8-8-0_512.out, 32 , 256 , 8 , 0 , 8 , 65536 , 8 , 0 , 512 , 1.3071, 0.9322, 0.9461
vortex_results/vortex_2lev_PAG-4-16-0_PAP-16-4-0_1024.out, 4 , 65536 , 16 , 0 , 16 , 1048576 , 4 , 0 , 1024 , 1.3259, 0.9420, 0.9562
vortex_results/vortex_2lev_PAG-4-16-0_PAP-16-4-0_128.out, 4 , 65536 , 16 , 0 , 16 , 1048576 , 4 , 0 , 128 , 1.3222, 0.9400, 0.9548
vortex_results/vortex_2lev_PAG-4-16-0_PAP-16-4-0_256.out, 4 , 65536 , 16 , 0 , 16 , 1048576 , 4 , 0 , 256 , 1.3234, 0.9407, 0.9553
vortex_results/vortex_2lev_PAG-4-16-0_PAP-16-4-0_4096.out, 4 , 65536 , 16 , 0 , 16 , 1048576 , 4 , 0 , 4096 , 1.3261, 0.9421, 0.9564
vortex_results/vortex_2lev_PAG-4-16-0_PAP-16-4-0_512.out, 4 , 65536 , 16 , 0 , 16 , 1048576 , 4 , 0 , 512 , 1.3259, 0.9418, 0.9562
vortex_results/vortex_2lev_PAG-4-16-0_PAP-16-8-0_1024.out, 4 , 65536 , 16 , 0 , 16 , 16777216 , 8 , 0 , 1024 , 1.3095, 0.9330, 0.9484
vortex_results/vortex_2lev_PAG-4-16-0_PAP-16-8-0_128.out, 4 , 65536 , 16 , 0 , 16 , 16777216 , 8 , 0 , 128 , 1.3055, 0.9301, 0.9457
vortex_results/vortex_2lev_PAG-4-16-0_PAP-16-8-0_256.out, 4 , 65536 , 16 , 0 , 16 , 16777216 , 8 , 0 , 256 , 1.3078, 0.9317, 0.9472
vortex_results/vortex_2lev_PAG-4-16-0_PAP-16-8-0_4096.out, 4 , 65536 , 16 , 0 , 16 , 16777216 , 8 , 0 , 4096 , 1.3100, 0.9333, 0.9486
vortex_results/vortex_2lev_PAG-4-16-0_PAP-16-8-0_512.out, 4 , 65536 , 16 , 0 , 16 , 16777216 , 8 , 0 , 512 , 1.3089, 0.9326, 0.9481
vortex_results/vortex_2lev_PAG-4-16-0_PAP-4-16-0_1024.out, 4 , 65536 , 16 , 0 , 4 , 1048576 , 16 , 0 , 1024 , 1.2767, 0.9107, 0.9262
vortex_results/vortex_2lev_PAG-4-16-0_PAP-4-16-0_128.out, 4 , 65536 , 16 , 0 , 4 , 1048576 , 16 , 0 , 128 , 1.2738, 0.9086, 0.9244
vortex_results/vortex_2lev_PAG-4-16-0_PAP-4-16-0_256.out, 4 , 65536 , 16 , 0 , 4 , 1048576 , 16 , 0 , 256 , 1.2748, 0.9096, 0.9251
vortex_results/vortex_2lev_PAG-4-16-0_PAP-4-16-0_4096.out, 4 , 65536 , 16 , 0 , 4 , 1048576 , 16 , 0 , 4096 , 1.2765, 0.9107, 0.9262
vortex_results/vortex_2lev_PAG-4-16-0_PAP-4-16-0_512.out, 4 , 65536 , 16 , 0 , 4 , 1048576 , 16 , 0 , 512 , 1.2757, 0.9102, 0.9256
vortex_results/vortex_2lev_PAG-4-16-0_PAP-4-4-0_1024.out, 4 , 65536 , 16 , 0 , 4 , 256 , 4 , 0 , 1024 , 1.2582, 0.9022, 0.9183
vortex_results/vortex_2lev_PAG-4-16-0_PAP-4-4-0_128.out, 4 , 65536 , 16 , 0 , 4 , 256 , 4 , 0 , 128 , 1.2490, 0.8960, 0.9124
vortex_results/vortex_2lev_PAG-4-16-0_PAP-4-4-0_256.out, 4 , 65536 , 16 , 0 , 4 , 256 , 4 , 0 , 256 , 1.2550, 0.8991, 0.9153
vortex_results/vortex_2lev_PAG-4-16-0_PAP-4-4-0_4096.out, 4 , 65536 , 16 , 0 , 4 , 256 , 4 , 0 , 4096 , 1.2602, 0.9029, 0.9189
vortex_results/vortex_2lev_PAG-4-16-0_PAP-4-4-0_512.out, 4 , 65536 , 16 , 0 , 4 , 256 , 4 , 0 , 512 , 1.2560, 0.9009, 0.9169
vortex_results/vortex_2lev_PAG-4-16-0_PAP-4-8-0_1024.out, 4 , 65536 , 16 , 0 , 4 , 4096 , 8 , 0 , 1024 , 1.2901, 0.9184, 0.9331
vortex_results/vortex_2lev_PAG-4-16-0_PAP-4-8-0_128.out, 4 , 65536 , 16 , 0 , 4 , 4096 , 8 , 0 , 128 , 1.2834, 0.9144, 0.9291
vortex_results/vortex_2lev_PAG-4-16-0_PAP-4-8-0_256.out, 4 , 65536 , 16 , 0 , 4 , 4096 , 8 , 0 , 256 , 1.2873, 0.9169, 0.9316
vortex_results/vortex_2lev_PAG-4-16-0_PAP-4-8-0_4096.out, 4 , 65536 , 16 , 0 , 4 , 4096 , 8 , 0 , 4096 , 1.2898, 0.9188, 0.9336
vortex_results/vortex_2lev_PAG-4-16-0_PAP-4-8-0_512.out, 4 , 65536 , 16 , 0 , 4 , 4096 , 8 , 0 , 512 , 1.2904, 0.9182, 0.9329
vortex_results/vortex_2lev_PAG-4-16-0_PAP-8-16-0_1024.out, 4 , 65536 , 16 , 0 , 8 , 16777216 , 16 , 0 , 1024 , 1.2928, 0.9233, 0.9373
vortex_results/vortex_2lev_PAG-4-16-0_PAP-8-16-0_128.out, 4 , 65536 , 16 , 0 , 8 , 16777216 , 16 , 0 , 128 , 1.2866, 0.9192, 0.9336
vortex_results/vortex_2lev_PAG-4-16-0_PAP-8-16-0_256.out, 4 , 65536 , 16 , 0 , 8 , 16777216 , 16 , 0 , 256 , 1.2899, 0.9212, 0.9354
vortex_results/vortex_2lev_PAG-4-16-0_PAP-8-16-0_4096.out, 4 , 65536 , 16 , 0 , 8 , 16777216 , 16 , 0 , 4096 , 1.2929, 0.9234, 0.9377
vortex_results/vortex_2lev_PAG-4-16-0_PAP-8-16-0_512.out, 4 , 65536 , 16 , 0 , 8 , 16777216 , 16 , 0 , 512 , 1.2919, 0.9226, 0.9368
vortex_results/vortex_2lev_PAG-4-16-0_PAP-8-4-0_1024.out, 4 , 65536 , 16 , 0 , 8 , 4096 , 4 , 0 , 1024 , 1.3194, 0.9391, 0.9542
vortex_results/vortex_2lev_PAG-4-16-0_PAP-8-4-0_128.out, 4 , 65536 , 16 , 0 , 8 , 4096 , 4 , 0 , 128 , 1.3159, 0.9366, 0.9515
vortex_results/vortex_2lev_PAG-4-16-0_PAP-8-4-0_256.out, 4 , 65536 , 16 , 0 , 8 , 4096 , 4 , 0 , 256 , 1.3182, 0.9380, 0.9529
vortex_results/vortex_2lev_PAG-4-16-0_PAP-8-4-0_4096.out, 4 , 65536 , 16 , 0 , 8 , 4096 , 4 , 0 , 4096 , 1.3194, 0.9394, 0.9546
vortex_results/vortex_2lev_PAG-4-16-0_PAP-8-4-0_512.out, 4 , 65536 , 16 , 0 , 8 , 4096 , 4 , 0 , 512 , 1.3194, 0.9388, 0.9540
vortex_results/vortex_2lev_PAG-4-16-0_PAP-8-8-0_1024.out, 4 , 65536 , 16 , 0 , 8 , 65536 , 8 , 0 , 1024 , 1.3138, 0.9351, 0.9490
vortex_results/vortex_2lev_PAG-4-16-0_PAP-8-8-0_128.out, 4 , 65536 , 16 , 0 , 8 , 65536 , 8 , 0 , 128 , 1.3115, 0.9338, 0.9478
vortex_results/vortex_2lev_PAG-4-16-0_PAP-8-8-0_256.out, 4 , 65536 , 16 , 0 , 8 , 65536 , 8 , 0 , 256 , 1.3119, 0.9341, 0.9482
vortex_results/vortex_2lev_PAG-4-16-0_PAP-8-8-0_4096.out, 4 , 65536 , 16 , 0 , 8 , 65536 , 8 , 0 , 4096 , 1.3135, 0.9351, 0.9490
vortex_results/vortex_2lev_PAG-4-16-0_PAP-8-8-0_512.out, 4 , 65536 , 16 , 0 , 8 , 65536 , 8 , 0 , 512 , 1.3131, 0.9347, 0.9487
vortex_results/vortex_2lev_PAG-4-4-0_PAP-16-4-0_1024.out, 4 , 16 , 4 , 0 , 16 , 1048576 , 4 , 0 , 1024 , 1.3105, 0.9350, 0.9499
vortex_results/vortex_2lev_PAG-4-4-0_PAP-16-4-0_128.out, 4 , 16 , 4 , 0 , 16 , 1048576 , 4 , 0 , 128 , 1.3102, 0.9352, 0.9503
vortex_results/vortex_2lev_PAG-4-4-0_PAP-16-4-0_256.out, 4 , 16 , 4 , 0 , 16 , 1048576 , 4 , 0 , 256 , 1.3112, 0.9354, 0.9503
vortex_results/vortex_2lev_PAG-4-4-0_PAP-16-4-0_4096.out, 4 , 16 , 4 , 0 , 16 , 1048576 , 4 , 0 , 4096 , 1.3110, 0.9349, 0.9499
vortex_results/vortex_2lev_PAG-4-4-0_PAP-16-4-0_512.out, 4 , 16 , 4 , 0 , 16 , 1048576 , 4 , 0 , 512 , 1.3112, 0.9353, 0.9503
vortex_results/vortex_2lev_PAG-4-4-0_PAP-16-8-0_1024.out, 4 , 16 , 4 , 0 , 16 , 16777216 , 8 , 0 , 1024 , 1.2986, 0.9264, 0.9420
vortex_results/vortex_2lev_PAG-4-4-0_PAP-16-8-0_128.out, 4 , 16 , 4 , 0 , 16 , 16777216 , 8 , 0 , 128 , 1.2975, 0.9259, 0.9415
vortex_results/vortex_2lev_PAG-4-4-0_PAP-16-8-0_256.out, 4 , 16 , 4 , 0 , 16 , 16777216 , 8 , 0 , 256 , 1.2987, 0.9263, 0.9419
vortex_results/vortex_2lev_PAG-4-4-0_PAP-16-8-0_4096.out, 4 , 16 , 4 , 0 , 16 , 16777216 , 8 , 0 , 4096 , 1.2987, 0.9263, 0.9421
vortex_results/vortex_2lev_PAG-4-4-0_PAP-16-8-0_512.out, 4 , 16 , 4 , 0 , 16 , 16777216 , 8 , 0 , 512 , 1.2991, 0.9264, 0.9420
vortex_results/vortex_2lev_PAG-4-4-0_PAP-4-16-0_1024.out, 4 , 16 , 4 , 0 , 4 , 1048576 , 16 , 0 , 1024 , 1.2747, 0.9094, 0.9249
vortex_results/vortex_2lev_PAG-4-4-0_PAP-4-16-0_128.out, 4 , 16 , 4 , 0 , 4 , 1048576 , 16 , 0 , 128 , 1.2721, 0.9076, 0.9234
vortex_results/vortex_2lev_PAG-4-4-0_PAP-4-16-0_256.out, 4 , 16 , 4 , 0 , 4 , 1048576 , 16 , 0 , 256 , 1.2734, 0.9089, 0.9247
vortex_results/vortex_2lev_PAG-4-4-0_PAP-4-16-0_4096.out, 4 , 16 , 4 , 0 , 4 , 1048576 , 16 , 0 , 4096 , 1.2757, 0.9095, 0.9252
vortex_results/vortex_2lev_PAG-4-4-0_PAP-4-16-0_512.out, 4 , 16 , 4 , 0 , 4 , 1048576 , 16 , 0 , 512 , 1.2735, 0.9091, 0.9247
vortex_results/vortex_2lev_PAG-4-4-0_PAP-4-4-0_1024.out, 4 , 16 , 4 , 0 , 4 , 256 , 4 , 0 , 1024 , 1.1971, 0.8685, 0.8876
vortex_results/vortex_2lev_PAG-4-4-0_PAP-4-4-0_128.out, 4 , 16 , 4 , 0 , 4 , 256 , 4 , 0 , 128 , 1.1921, 0.8640, 0.8831
vortex_results/vortex_2lev_PAG-4-4-0_PAP-4-4-0_256.out, 4 , 16 , 4 , 0 , 4 , 256 , 4 , 0 , 256 , 1.1956, 0.8671, 0.8859
vortex_results/vortex_2lev_PAG-4-4-0_PAP-4-4-0_4096.out, 4 , 16 , 4 , 0 , 4 , 256 , 4 , 0 , 4096 , 1.1984, 0.8691, 0.8884
vortex_results/vortex_2lev_PAG-4-4-0_PAP-4-4-0_512.out, 4 , 16 , 4 , 0 , 4 , 256 , 4 , 0 , 512 , 1.1960, 0.8677, 0.8870
vortex_results/vortex_2lev_PAG-4-4-0_PAP-4-8-0_1024.out, 4 , 16 , 4 , 0 , 4 , 4096 , 8 , 0 , 1024 , 1.2717, 0.9071, 0.9237
vortex_results/vortex_2lev_PAG-4-4-0_PAP-4-8-0_128.out, 4 , 16 , 4 , 0 , 4 , 4096 , 8 , 0 , 128 , 1.2699, 0.9052, 0.9219
vortex_results/vortex_2lev_PAG-4-4-0_PAP-4-8-0_256.out, 4 , 16 , 4 , 0 , 4 , 4096 , 8 , 0 , 256 , 1.2708, 0.9066, 0.9232
vortex_results/vortex_2lev_PAG-4-4-0_PAP-4-8-0_4096.out, 4 , 16 , 4 , 0 , 4 , 4096 , 8 , 0 , 4096 , 1.2717, 0.9071, 0.9238
vortex_results/vortex_2lev_PAG-4-4-0_PAP-4-8-0_512.out, 4 , 16 , 4 , 0 , 4 , 4096 , 8 , 0 , 512 , 1.2721, 0.9070, 0.9236
vortex_results/vortex_2lev_PAG-4-4-0_PAP-8-16-0_1024.out, 4 , 16 , 4 , 0 , 8 , 16777216 , 16 , 0 , 1024 , 1.2767, 0.9141, 0.9288
vortex_results/vortex_2lev_PAG-4-4-0_PAP-8-16-0_128.out, 4 , 16 , 4 , 0 , 8 , 16777216 , 16 , 0 , 128 , 1.2732, 0.9116, 0.9265
vortex_results/vortex_2lev_PAG-4-4-0_PAP-8-16-0_256.out, 4 , 16 , 4 , 0 , 8 , 16777216 , 16 , 0 , 256 , 1.2764, 0.9129, 0.9274
vortex_results/vortex_2lev_PAG-4-4-0_PAP-8-16-0_4096.out, 4 , 16 , 4 , 0 , 8 , 16777216 , 16 , 0 , 4096 , 1.2768, 0.9141, 0.9290
vortex_results/vortex_2lev_PAG-4-4-0_PAP-8-16-0_512.out, 4 , 16 , 4 , 0 , 8 , 16777216 , 16 , 0 , 512 , 1.2772, 0.9138, 0.9286
vortex_results/vortex_2lev_PAG-4-4-0_PAP-8-4-0_1024.out, 4 , 16 , 4 , 0 , 8 , 4096 , 4 , 0 , 1024 , 1.3096, 0.9332, 0.9474
vortex_results/vortex_2lev_PAG-4-4-0_PAP-8-4-0_128.out, 4 , 16 , 4 , 0 , 8 , 4096 , 4 , 0 , 128 , 1.3052, 0.9313, 0.9464
vortex_results/vortex_2lev_PAG-4-4-0_PAP-8-4-0_256.out, 4 , 16 , 4 , 0 , 8 , 4096 , 4 , 0 , 256 , 1.3083, 0.9326, 0.9470
vortex_results/vortex_2lev_PAG-4-4-0_PAP-8-4-0_4096.out, 4 , 16 , 4 , 0 , 8 , 4096 , 4 , 0 , 4096 , 1.3072, 0.9324, 0.9478
vortex_results/vortex_2lev_PAG-4-4-0_PAP-8-4-0_512.out, 4 , 16 , 4 , 0 , 8 , 4096 , 4 , 0 , 512 , 1.3101, 0.9333, 0.9476
vortex_results/vortex_2lev_PAG-4-4-0_PAP-8-8-0_1024.out, 4 , 16 , 4 , 0 , 8 , 65536 , 8 , 0 , 1024 , 1.3068, 0.9315, 0.9454
vortex_results/vortex_2lev_PAG-4-4-0_PAP-8-8-0_128.out, 4 , 16 , 4 , 0 , 8 , 65536 , 8 , 0 , 128 , 1.3060, 0.9311, 0.9453
vortex_results/vortex_2lev_PAG-4-4-0_PAP-8-8-0_256.out, 4 , 16 , 4 , 0 , 8 , 65536 , 8 , 0 , 256 , 1.3071, 0.9316, 0.9456
vortex_results/vortex_2lev_PAG-4-4-0_PAP-8-8-0_4096.out, 4 , 16 , 4 , 0 , 8 , 65536 , 8 , 0 , 4096 , 1.3072, 0.9314, 0.9454
vortex_results/vortex_2lev_PAG-4-4-0_PAP-8-8-0_512.out, 4 , 16 , 4 , 0 , 8 , 65536 , 8 , 0 , 512 , 1.3068, 0.9315, 0.9455
vortex_results/vortex_2lev_PAG-4-8-0_PAP-16-4-0_1024.out, 4 , 256 , 8 , 0 , 16 , 1048576 , 4 , 0 , 1024 , 1.3170, 0.9370, 0.9517
vortex_results/vortex_2lev_PAG-4-8-0_PAP-16-4-0_128.out, 4 , 256 , 8 , 0 , 16 , 1048576 , 4 , 0 , 128 , 1.3133, 0.9357, 0.9506
vortex_results/vortex_2lev_PAG-4-8-0_PAP-16-4-0_256.out, 4 , 256 , 8 , 0 , 16 , 1048576 , 4 , 0 , 256 , 1.3175, 0.9375, 0.9522
vortex_results/vortex_2lev_PAG-4-8-0_PAP-16-4-0_4096.out, 4 , 256 , 8 , 0 , 16 , 1048576 , 4 , 0 , 4096 , 1.3169, 0.9369, 0.9517
vortex_results/vortex_2lev_PAG-4-8-0_PAP-16-4-0_512.out, 4 , 256 , 8 , 0 , 16 , 1048576 , 4 , 0 , 512 , 1.3175, 0.9373, 0.9521
vortex_results/vortex_2lev_PAG-4-8-0_PAP-16-8-0_1024.out, 4 , 256 , 8 , 0 , 16 , 16777216 , 8 , 0 , 1024 , 1.3010, 0.9273, 0.9428
vortex_results/vortex_2lev_PAG-4-8-0_PAP-16-8-0_128.out, 4 , 256 , 8 , 0 , 16 , 16777216 , 8 , 0 , 128 , 1.3006, 0.9268, 0.9423
vortex_results/vortex_2lev_PAG-4-8-0_PAP-16-8-0_256.out, 4 , 256 , 8 , 0 , 16 , 16777216 , 8 , 0 , 256 , 1.3023, 0.9277, 0.9429
vortex_results/vortex_2lev_PAG-4-8-0_PAP-16-8-0_4096.out, 4 , 256 , 8 , 0 , 16 , 16777216 , 8 , 0 , 4096 , 1.3014, 0.9273, 0.9429
vortex_results/vortex_2lev_PAG-4-8-0_PAP-16-8-0_512.out, 4 , 256 , 8 , 0 , 16 , 16777216 , 8 , 0 , 512 , 1.3014, 0.9274, 0.9431
vortex_results/vortex_2lev_PAG-4-8-0_PAP-4-16-0_1024.out, 4 , 256 , 8 , 0 , 4 , 1048576 , 16 , 0 , 1024 , 1.2758, 0.9103, 0.9258
vortex_results/vortex_2lev_PAG-4-8-0_PAP-4-16-0_128.out, 4 , 256 , 8 , 0 , 4 , 1048576 , 16 , 0 , 128 , 1.2738, 0.9089, 0.9245
vortex_results/vortex_2lev_PAG-4-8-0_PAP-4-16-0_256.out, 4 , 256 , 8 , 0 , 4 , 1048576 , 16 , 0 , 256 , 1.2750, 0.9098, 0.9253
vortex_results/vortex_2lev_PAG-4-8-0_PAP-4-16-0_4096.out, 4 , 256 , 8 , 0 , 4 , 1048576 , 16 , 0 , 4096 , 1.2766, 0.9106, 0.9262
vortex_results/vortex_2lev_PAG-4-8-0_PAP-4-16-0_512.out, 4 , 256 , 8 , 0 , 4 , 1048576 , 16 , 0 , 512 , 1.2759, 0.9100, 0.9256
vortex_results/vortex_2lev_PAG-4-8-0_PAP-4-4-0_1024.out, 4 , 256 , 8 , 0 , 4 , 256 , 4 , 0 , 1024 , 1.2257, 0.8826, 0.9002
vortex_results/vortex_2lev_PAG-4-8-0_PAP-4-4-0_128.out, 4 , 256 , 8 , 0 , 4 , 256 , 4 , 0 , 128 , 1.2197, 0.8783, 0.8961
vortex_results/vortex_2lev_PAG-4-8-0_PAP-4-4-0_256.out, 4 , 256 , 8 , 0 , 4 , 256 , 4 , 0 , 256 , 1.2235, 0.8809, 0.8982
vortex_results/vortex_2lev_PAG-4-8-0_PAP-4-4-0_4096.out, 4 , 256 , 8 , 0 , 4 , 256 , 4 , 0 , 4096 , 1.2276, 0.8840, 0.9018
vortex_results/vortex_2lev_PAG-4-8-0_PAP-4-4-0_512.out, 4 , 256 , 8 , 0 , 4 , 256 , 4 , 0 , 512 , 1.2246, 0.8814, 0.8990
vortex_results/vortex_2lev_PAG-4-8-0_PAP-4-8-0_1024.out, 4 , 256 , 8 , 0 , 4 , 4096 , 8 , 0 , 1024 , 1.2737, 0.9077, 0.9243
vortex_results/vortex_2lev_PAG-4-8-0_PAP-4-8-0_128.out, 4 , 256 , 8 , 0 , 4 , 4096 , 8 , 0 , 128 , 1.2701, 0.9056, 0.9221
vortex_results/vortex_2lev_PAG-4-8-0_PAP-4-8-0_256.out, 4 , 256 , 8 , 0 , 4 , 4096 , 8 , 0 , 256 , 1.2728, 0.9068, 0.9233
vortex_results/vortex_2lev_PAG-4-8-0_PAP-4-8-0_4096.out, 4 , 256 , 8 , 0 , 4 , 4096 , 8 , 0 , 4096 , 1.2735, 0.9076, 0.9243
vortex_results/vortex_2lev_PAG-4-8-0_PAP-4-8-0_512.out, 4 , 256 , 8 , 0 , 4 , 4096 , 8 , 0 , 512 , 1.2741, 0.9077, 0.9243
vortex_results/vortex_2lev_PAG-4-8-0_PAP-8-16-0_1024.out, 4 , 256 , 8 , 0 , 8 , 16777216 , 16 , 0 , 1024 , 1.2797, 0.9159, 0.9304
vortex_results/vortex_2lev_PAG-4-8-0_PAP-8-16-0_128.out, 4 , 256 , 8 , 0 , 8 , 16777216 , 16 , 0 , 128 , 1.2784, 0.9138, 0.9285
vortex_results/vortex_2lev_PAG-4-8-0_PAP-8-16-0_256.out, 4 , 256 , 8 , 0 , 8 , 16777216 , 16 , 0 , 256 , 1.2799, 0.9149, 0.9293
vortex_results/vortex_2lev_PAG-4-8-0_PAP-8-16-0_4096.out, 4 , 256 , 8 , 0 , 8 , 16777216 , 16 , 0 , 4096 , 1.2807, 0.9165, 0.9312
vortex_results/vortex_2lev_PAG-4-8-0_PAP-8-16-0_512.out, 4 , 256 , 8 , 0 , 8 , 16777216 , 16 , 0 , 512 , 1.2797, 0.9154, 0.9301
vortex_results/vortex_2lev_PAG-4-8-0_PAP-8-4-0_1024.out, 4 , 256 , 8 , 0 , 8 , 4096 , 4 , 0 , 1024 , 1.3125, 0.9341, 0.9488
vortex_results/vortex_2lev_PAG-4-8-0_PAP-8-4-0_128.out, 4 , 256 , 8 , 0 , 8 , 4096 , 4 , 0 , 128 , 1.3077, 0.9319, 0.9464
vortex_results/vortex_2lev_PAG-4-8-0_PAP-8-4-0_256.out, 4 , 256 , 8 , 0 , 8 , 4096 , 4 , 0 , 256 , 1.3114, 0.9334, 0.9480
vortex_results/vortex_2lev_PAG-4-8-0_PAP-8-4-0_4096.out, 4 , 256 , 8 , 0 , 8 , 4096 , 4 , 0 , 4096 , 1.3111, 0.9336, 0.9490
vortex_results/vortex_2lev_PAG-4-8-0_PAP-8-4-0_512.out, 4 , 256 , 8 , 0 , 8 , 4096 , 4 , 0 , 512 , 1.3130, 0.9341, 0.9489
vortex_results/vortex_2lev_PAG-4-8-0_PAP-8-8-0_1024.out, 4 , 256 , 8 , 0 , 8 , 65536 , 8 , 0 , 1024 , 1.3076, 0.9318, 0.9461
vortex_results/vortex_2lev_PAG-4-8-0_PAP-8-8-0_128.out, 4 , 256 , 8 , 0 , 8 , 65536 , 8 , 0 , 128 , 1.3086, 0.9316, 0.9457
vortex_results/vortex_2lev_PAG-4-8-0_PAP-8-8-0_256.out, 4 , 256 , 8 , 0 , 8 , 65536 , 8 , 0 , 256 , 1.3082, 0.9316, 0.9459
vortex_results/vortex_2lev_PAG-4-8-0_PAP-8-8-0_4096.out, 4 , 256 , 8 , 0 , 8 , 65536 , 8 , 0 , 4096 , 1.3075, 0.9317, 0.9461
vortex_results/vortex_2lev_PAG-4-8-0_PAP-8-8-0_512.out, 4 , 256 , 8 , 0 , 8 , 65536 , 8 , 0 , 512 , 1.3075, 0.9314, 0.9458
vortex_results/vortex_2lev_PAG-8-16-0_PAP-16-4-0_1024.out, 8 , 65536 , 16 , 0 , 16 , 1048576 , 4 , 0 , 1024 , 1.3225, 0.9400, 0.9546
vortex_results/vortex_2lev_PAG-8-16-0_PAP-16-4-0_128.out, 8 , 65536 , 16 , 0 , 16 , 1048576 , 4 , 0 , 128 , 1.3224, 0.9397, 0.9542
vortex_results/vortex_2lev_PAG-8-16-0_PAP-16-4-0_256.out, 8 , 65536 , 16 , 0 , 16 , 1048576 , 4 , 0 , 256 , 1.3226, 0.9400, 0.9545
vortex_results/vortex_2lev_PAG-8-16-0_PAP-16-4-0_4096.out, 8 , 65536 , 16 , 0 , 16 , 1048576 , 4 , 0 , 4096 , 1.3227, 0.9401, 0.9545
vortex_results/vortex_2lev_PAG-8-16-0_PAP-16-4-0_512.out, 8 , 65536 , 16 , 0 , 16 , 1048576 , 4 , 0 , 512 , 1.3233, 0.9402, 0.9544
vortex_results/vortex_2lev_PAG-8-16-0_PAP-16-8-0_1024.out, 8 , 65536 , 16 , 0 , 16 , 16777216 , 8 , 0 , 1024 , 1.3068, 0.9308, 0.9456
vortex_results/vortex_2lev_PAG-8-16-0_PAP-16-8-0_128.out, 8 , 65536 , 16 , 0 , 16 , 16777216 , 8 , 0 , 128 , 1.3064, 0.9297, 0.9442
vortex_results/vortex_2lev_PAG-8-16-0_PAP-16-8-0_256.out, 8 , 65536 , 16 , 0 , 16 , 16777216 , 8 , 0 , 256 , 1.3072, 0.9306, 0.9453
vortex_results/vortex_2lev_PAG-8-16-0_PAP-16-8-0_4096.out, 8 , 65536 , 16 , 0 , 16 , 16777216 , 8 , 0 , 4096 , 1.3071, 0.9309, 0.9457
vortex_results/vortex_2lev_PAG-8-16-0_PAP-16-8-0_512.out, 8 , 65536 , 16 , 0 , 16 , 16777216 , 8 , 0 , 512 , 1.3073, 0.9308, 0.9454
vortex_results/vortex_2lev_PAG-8-16-0_PAP-4-16-0_1024.out, 8 , 65536 , 16 , 0 , 4 , 1048576 , 16 , 0 , 1024 , 1.2901, 0.9182, 0.9330
vortex_results/vortex_2lev_PAG-8-16-0_PAP-4-16-0_128.out, 8 , 65536 , 16 , 0 , 4 , 1048576 , 16 , 0 , 128 , 1.2866, 0.9157, 0.9304
vortex_results/vortex_2lev_PAG-8-16-0_PAP-4-16-0_256.out, 8 , 65536 , 16 , 0 , 4 , 1048576 , 16 , 0 , 256 , 1.2894, 0.9177, 0.9323
vortex_results/vortex_2lev_PAG-8-16-0_PAP-4-16-0_4096.out, 8 , 65536 , 16 , 0 , 4 , 1048576 , 16 , 0 , 4096 , 1.2906, 0.9184, 0.9332
vortex_results/vortex_2lev_PAG-8-16-0_PAP-4-16-0_512.out, 8 , 65536 , 16 , 0 , 4 , 1048576 , 16 , 0 , 512 , 1.2894, 0.9179, 0.9327
vortex_results/vortex_2lev_PAG-8-16-0_PAP-4-4-0_1024.out, 8 , 65536 , 16 , 0 , 4 , 256 , 4 , 0 , 1024 , 1.2713, 0.9092, 0.9243
vortex_results/vortex_2lev_PAG-8-16-0_PAP-4-4-0_128.out, 8 , 65536 , 16 , 0 , 4 , 256 , 4 , 0 , 128 , 1.2627, 0.9035, 0.9183
vortex_results/vortex_2lev_PAG-8-16-0_PAP-4-4-0_256.out, 8 , 65536 , 16 , 0 , 4 , 256 , 4 , 0 , 256 , 1.2671, 0.9068, 0.9216
vortex_results/vortex_2lev_PAG-8-16-0_PAP-4-4-0_4096.out, 8 , 65536 , 16 , 0 , 4 , 256 , 4 , 0 , 4096 , 1.2722, 0.9101, 0.9252
vortex_results/vortex_2lev_PAG-8-16-0_PAP-4-4-0_512.out, 8 , 65536 , 16 , 0 , 4 , 256 , 4 , 0 , 512 , 1.2706, 0.9083, 0.9235
vortex_results/vortex_2lev_PAG-8-16-0_PAP-4-8-0_1024.out, 8 , 65536 , 16 , 0 , 4 , 4096 , 8 , 0 , 1024 , 1.2938, 0.9204, 0.9352
vortex_results/vortex_2lev_PAG-8-16-0_PAP-4-8-0_128.out, 8 , 65536 , 16 , 0 , 4 , 4096 , 8 , 0 , 128 , 1.2872, 0.9164, 0.9307
vortex_results/vortex_2lev_PAG-8-16-0_PAP-4-8-0_256.out, 8 , 65536 , 16 , 0 , 4 , 4096 , 8 , 0 , 256 , 1.2916, 0.9186, 0.9333
vortex_results/vortex_2lev_PAG-8-16-0_PAP-4-8-0_4096.out, 8 , 65536 , 16 , 0 , 4 , 4096 , 8 , 0 , 4096 , 1.2937, 0.9208, 0.9357
vortex_results/vortex_2lev_PAG-8-16-0_PAP-4-8-0_512.out, 8 , 65536 , 16 , 0 , 4 , 4096 , 8 , 0 , 512 , 1.2931, 0.9198, 0.9345
vortex_results/vortex_2lev_PAG-8-16-0_PAP-8-16-0_1024.out, 8 , 65536 , 16 , 0 , 8 , 16777216 , 16 , 0 , 1024 , 1.2779, 0.9138, 0.9277
vortex_results/vortex_2lev_PAG-8-16-0_PAP-8-16-0_128.out, 8 , 65536 , 16 , 0 , 8 , 16777216 , 16 , 0 , 128 , 1.2777, 0.9134, 0.9275
vortex_results/vortex_2lev_PAG-8-16-0_PAP-8-16-0_256.out, 8 , 65536 , 16 , 0 , 8 , 16777216 , 16 , 0 , 256 , 1.2773, 0.9135, 0.9276
vortex_results/vortex_2lev_PAG-8-16-0_PAP-8-16-0_4096.out, 8 , 65536 , 16 , 0 , 8 , 16777216 , 16 , 0 , 4096 , 1.2781, 0.9139, 0.9278
vortex_results/vortex_2lev_PAG-8-16-0_PAP-8-16-0_512.out, 8 , 65536 , 16 , 0 , 8 , 16777216 , 16 , 0 , 512 , 1.2782, 0.9139, 0.9278
vortex_results/vortex_2lev_PAG-8-16-0_PAP-8-4-0_1024.out, 8 , 65536 , 16 , 0 , 8 , 4096 , 4 , 0 , 1024 , 1.3185, 0.9379, 0.9525
vortex_results/vortex_2lev_PAG-8-16-0_PAP-8-4-0_128.out, 8 , 65536 , 16 , 0 , 8 , 4096 , 4 , 0 , 128 , 1.3156, 0.9362, 0.9510
vortex_results/vortex_2lev_PAG-8-16-0_PAP-8-4-0_256.out, 8 , 65536 , 16 , 0 , 8 , 4096 , 4 , 0 , 256 , 1.3165, 0.9368, 0.9516
vortex_results/vortex_2lev_PAG-8-16-0_PAP-8-4-0_4096.out, 8 , 65536 , 16 , 0 , 8 , 4096 , 4 , 0 , 4096 , 1.3190, 0.9382, 0.9529
vortex_results/vortex_2lev_PAG-8-16-0_PAP-8-4-0_512.out, 8 , 65536 , 16 , 0 , 8 , 4096 , 4 , 0 , 512 , 1.3181, 0.9375, 0.9519
vortex_results/vortex_2lev_PAG-8-16-0_PAP-8-8-0_1024.out, 8 , 65536 , 16 , 0 , 8 , 65536 , 8 , 0 , 1024 , 1.3085, 0.9323, 0.9461
vortex_results/vortex_2lev_PAG-8-16-0_PAP-8-8-0_128.out, 8 , 65536 , 16 , 0 , 8 , 65536 , 8 , 0 , 128 , 1.3080, 0.9320, 0.9466
vortex_results/vortex_2lev_PAG-8-16-0_PAP-8-8-0_256.out, 8 , 65536 , 16 , 0 , 8 , 65536 , 8 , 0 , 256 , 1.3090, 0.9325, 0.9463
vortex_results/vortex_2lev_PAG-8-16-0_PAP-8-8-0_4096.out, 8 , 65536 , 16 , 0 , 8 , 65536 , 8 , 0 , 4096 , 1.3081, 0.9321, 0.9459
vortex_results/vortex_2lev_PAG-8-16-0_PAP-8-8-0_512.out, 8 , 65536 , 16 , 0 , 8 , 65536 , 8 , 0 , 512 , 1.3089, 0.9324, 0.9462
vortex_results/vortex_2lev_PAG-8-4-0_PAP-16-4-0_1024.out, 8 , 16 , 4 , 0 , 16 , 1048576 , 4 , 0 , 1024 , 1.3087, 0.9345, 0.9490
vortex_results/vortex_2lev_PAG-8-4-0_PAP-16-4-0_128.out, 8 , 16 , 4 , 0 , 16 , 1048576 , 4 , 0 , 128 , 1.3097, 0.9349, 0.9498
vortex_results/vortex_2lev_PAG-8-4-0_PAP-16-4-0_256.out, 8 , 16 , 4 , 0 , 16 , 1048576 , 4 , 0 , 256 , 1.3096, 0.9350, 0.9497
vortex_results/vortex_2lev_PAG-8-4-0_PAP-16-4-0_4096.out, 8 , 16 , 4 , 0 , 16 , 1048576 , 4 , 0 , 4096 , 1.3089, 0.9344, 0.9490
vortex_results/vortex_2lev_PAG-8-4-0_PAP-16-4-0_512.out, 8 , 16 , 4 , 0 , 16 , 1048576 , 4 , 0 , 512 , 1.3092, 0.9347, 0.9493
vortex_results/vortex_2lev_PAG-8-4-0_PAP-16-8-0_1024.out, 8 , 16 , 4 , 0 , 16 , 16777216 , 8 , 0 , 1024 , 1.2969, 0.9258, 0.9411
vortex_results/vortex_2lev_PAG-8-4-0_PAP-16-8-0_128.out, 8 , 16 , 4 , 0 , 16 , 16777216 , 8 , 0 , 128 , 1.2959, 0.9255, 0.9409
vortex_results/vortex_2lev_PAG-8-4-0_PAP-16-8-0_256.out, 8 , 16 , 4 , 0 , 16 , 16777216 , 8 , 0 , 256 , 1.2970, 0.9259, 0.9414
vortex_results/vortex_2lev_PAG-8-4-0_PAP-16-8-0_4096.out, 8 , 16 , 4 , 0 , 16 , 16777216 , 8 , 0 , 4096 , 1.2968, 0.9257, 0.9410
vortex_results/vortex_2lev_PAG-8-4-0_PAP-16-8-0_512.out, 8 , 16 , 4 , 0 , 16 , 16777216 , 8 , 0 , 512 , 1.2968, 0.9257, 0.9410
vortex_results/vortex_2lev_PAG-8-4-0_PAP-4-16-0_1024.out, 8 , 16 , 4 , 0 , 4 , 1048576 , 16 , 0 , 1024 , 1.2761, 0.9106, 0.9264
vortex_results/vortex_2lev_PAG-8-4-0_PAP-4-16-0_128.out, 8 , 16 , 4 , 0 , 4 , 1048576 , 16 , 0 , 128 , 1.2723, 0.9084, 0.9241
vortex_results/vortex_2lev_PAG-8-4-0_PAP-4-16-0_256.out, 8 , 16 , 4 , 0 , 4 , 1048576 , 16 , 0 , 256 , 1.2743, 0.9094, 0.9251
vortex_results/vortex_2lev_PAG-8-4-0_PAP-4-16-0_4096.out, 8 , 16 , 4 , 0 , 4 , 1048576 , 16 , 0 , 4096 , 1.2759, 0.9104, 0.9263
vortex_results/vortex_2lev_PAG-8-4-0_PAP-4-16-0_512.out, 8 , 16 , 4 , 0 , 4 , 1048576 , 16 , 0 , 512 , 1.2753, 0.9100, 0.9255
vortex_results/vortex_2lev_PAG-8-4-0_PAP-4-4-0_1024.out, 8 , 16 , 4 , 0 , 4 , 256 , 4 , 0 , 1024 , 1.2002, 0.8692, 0.8880
vortex_results/vortex_2lev_PAG-8-4-0_PAP-4-4-0_128.out, 8 , 16 , 4 , 0 , 4 , 256 , 4 , 0 , 128 , 1.1935, 0.8635, 0.8828
vortex_results/vortex_2lev_PAG-8-4-0_PAP-4-4-0_256.out, 8 , 16 , 4 , 0 , 4 , 256 , 4 , 0 , 256 , 1.1964, 0.8666, 0.8856
vortex_results/vortex_2lev_PAG-8-4-0_PAP-4-4-0_4096.out, 8 , 16 , 4 , 0 , 4 , 256 , 4 , 0 , 4096 , 1.2010, 0.8695, 0.8886
vortex_results/vortex_2lev_PAG-8-4-0_PAP-4-4-0_512.out, 8 , 16 , 4 , 0 , 4 , 256 , 4 , 0 , 512 , 1.1978, 0.8673, 0.8862
vortex_results/vortex_2lev_PAG-8-4-0_PAP-4-8-0_1024.out, 8 , 16 , 4 , 0 , 4 , 4096 , 8 , 0 , 1024 , 1.2743, 0.9075, 0.9230
vortex_results/vortex_2lev_PAG-8-4-0_PAP-4-8-0_128.out, 8 , 16 , 4 , 0 , 4 , 4096 , 8 , 0 , 128 , 1.2720, 0.9060, 0.9218
vortex_results/vortex_2lev_PAG-8-4-0_PAP-4-8-0_256.out, 8 , 16 , 4 , 0 , 4 , 4096 , 8 , 0 , 256 , 1.2739, 0.9073, 0.9227
vortex_results/vortex_2lev_PAG-8-4-0_PAP-4-8-0_4096.out, 8 , 16 , 4 , 0 , 4 , 4096 , 8 , 0 , 4096 , 1.2751, 0.9079, 0.9233
vortex_results/vortex_2lev_PAG-8-4-0_PAP-4-8-0_512.out, 8 , 16 , 4 , 0 , 4 , 4096 , 8 , 0 , 512 , 1.2734, 0.9074, 0.9231
vortex_results/vortex_2lev_PAG-8-4-0_PAP-8-16-0_1024.out, 8 , 16 , 4 , 0 , 8 , 16777216 , 16 , 0 , 1024 , 1.2731, 0.9116, 0.9262
vortex_results/vortex_2lev_PAG-8-4-0_PAP-8-16-0_128.out, 8 , 16 , 4 , 0 , 8 , 16777216 , 16 , 0 , 128 , 1.2717, 0.9109, 0.9253
vortex_results/vortex_2lev_PAG-8-4-0_PAP-8-16-0_256.out, 8 , 16 , 4 , 0 , 8 , 16777216 , 16 , 0 , 256 , 1.2721, 0.9114, 0.9260
vortex_results/vortex_2lev_PAG-8-4-0_PAP-8-16-0_4096.out, 8 , 16 , 4 , 0 , 8 , 16777216 , 16 , 0 , 4096 , 1.2745, 0.9124, 0.9268
vortex_results/vortex_2lev_PAG-8-4-0_PAP-8-16-0_512.out, 8 , 16 , 4 , 0 , 8 , 16777216 , 16 , 0 , 512 , 1.2732, 0.9115, 0.9261
vortex_results/vortex_2lev_PAG-8-4-0_PAP-8-4-0_1024.out, 8 , 16 , 4 , 0 , 8 , 4096 , 4 , 0 , 1024 , 1.3058, 0.9319, 0.9463
vortex_results/vortex_2lev_PAG-8-4-0_PAP-8-4-0_128.out, 8 , 16 , 4 , 0 , 8 , 4096 , 4 , 0 , 128 , 1.3061, 0.9318, 0.9464
vortex_results/vortex_2lev_PAG-8-4-0_PAP-8-4-0_256.out, 8 , 16 , 4 , 0 , 8 , 4096 , 4 , 0 , 256 , 1.3064, 0.9322, 0.9463
vortex_results/vortex_2lev_PAG-8-4-0_PAP-8-4-0_4096.out, 8 , 16 , 4 , 0 , 8 , 4096 , 4 , 0 , 4096 , 1.3036, 0.9310, 0.9463
vortex_results/vortex_2lev_PAG-8-4-0_PAP-8-4-0_512.out, 8 , 16 , 4 , 0 , 8 , 4096 , 4 , 0 , 512 , 1.3068, 0.9323, 0.9465
vortex_results/vortex_2lev_PAG-8-4-0_PAP-8-8-0_1024.out, 8 , 16 , 4 , 0 , 8 , 65536 , 8 , 0 , 1024 , 1.3051, 0.9304, 0.9448
vortex_results/vortex_2lev_PAG-8-4-0_PAP-8-8-0_128.out, 8 , 16 , 4 , 0 , 8 , 65536 , 8 , 0 , 128 , 1.3052, 0.9307, 0.9450
vortex_results/vortex_2lev_PAG-8-4-0_PAP-8-8-0_256.out, 8 , 16 , 4 , 0 , 8 , 65536 , 8 , 0 , 256 , 1.3053, 0.9306, 0.9450
vortex_results/vortex_2lev_PAG-8-4-0_PAP-8-8-0_4096.out, 8 , 16 , 4 , 0 , 8 , 65536 , 8 , 0 , 4096 , 1.3050, 0.9305, 0.9449
vortex_results/vortex_2lev_PAG-8-4-0_PAP-8-8-0_512.out, 8 , 16 , 4 , 0 , 8 , 65536 , 8 , 0 , 512 , 1.3051, 0.9304, 0.9447
vortex_results/vortex_2lev_PAG-8-8-0_PAP-16-4-0_1024.out, 8 , 256 , 8 , 0 , 16 , 1048576 , 4 , 0 , 1024 , 1.3119, 0.9360, 0.9509
vortex_results/vortex_2lev_PAG-8-8-0_PAP-16-4-0_128.out, 8 , 256 , 8 , 0 , 16 , 1048576 , 4 , 0 , 128 , 1.3109, 0.9356, 0.9507
vortex_results/vortex_2lev_PAG-8-8-0_PAP-16-4-0_256.out, 8 , 256 , 8 , 0 , 16 , 1048576 , 4 , 0 , 256 , 1.3113, 0.9361, 0.9510
vortex_results/vortex_2lev_PAG-8-8-0_PAP-16-4-0_4096.out, 8 , 256 , 8 , 0 , 16 , 1048576 , 4 , 0 , 4096 , 1.3118, 0.9360, 0.9508
vortex_results/vortex_2lev_PAG-8-8-0_PAP-16-4-0_512.out, 8 , 256 , 8 , 0 , 16 , 1048576 , 4 , 0 , 512 , 1.3126, 0.9362, 0.9509
vortex_results/vortex_2lev_PAG-8-8-0_PAP-16-8-0_1024.out, 8 , 256 , 8 , 0 , 16 , 16777216 , 8 , 0 , 1024 , 1.2999, 0.9271, 0.9421
vortex_results/vortex_2lev_PAG-8-8-0_PAP-16-8-0_128.out, 8 , 256 , 8 , 0 , 16 , 16777216 , 8 , 0 , 128 , 1.2980, 0.9263, 0.9416
vortex_results/vortex_2lev_PAG-8-8-0_PAP-16-8-0_256.out, 8 , 256 , 8 , 0 , 16 , 16777216 , 8 , 0 , 256 , 1.2983, 0.9268, 0.9420
vortex_results/vortex_2lev_PAG-8-8-0_PAP-16-8-0_4096.out, 8 , 256 , 8 , 0 , 16 , 16777216 , 8 , 0 , 4096 , 1.2993, 0.9270, 0.9420
vortex_results/vortex_2lev_PAG-8-8-0_PAP-16-8-0_512.out, 8 , 256 , 8 , 0 , 16 , 16777216 , 8 , 0 , 512 , 1.2993, 0.9268, 0.9421
vortex_results/vortex_2lev_PAG-8-8-0_PAP-4-16-0_1024.out, 8 , 256 , 8 , 0 , 4 , 1048576 , 16 , 0 , 1024 , 1.2814, 0.9139, 0.9293
vortex_results/vortex_2lev_PAG-8-8-0_PAP-4-16-0_128.out, 8 , 256 , 8 , 0 , 4 , 1048576 , 16 , 0 , 128 , 1.2762, 0.9105, 0.9262
vortex_results/vortex_2lev_PAG-8-8-0_PAP-4-16-0_256.out, 8 , 256 , 8 , 0 , 4 , 1048576 , 16 , 0 , 256 , 1.2792, 0.9121, 0.9277
vortex_results/vortex_2lev_PAG-8-8-0_PAP-4-16-0_4096.out, 8 , 256 , 8 , 0 , 4 , 1048576 , 16 , 0 , 4096 , 1.2811, 0.9139, 0.9294
vortex_results/vortex_2lev_PAG-8-8-0_PAP-4-16-0_512.out, 8 , 256 , 8 , 0 , 4 , 1048576 , 16 , 0 , 512 , 1.2810, 0.9134, 0.9288
vortex_results/vortex_2lev_PAG-8-8-0_PAP-4-4-0_1024.out, 8 , 256 , 8 , 0 , 4 , 256 , 4 , 0 , 1024 , 1.2297, 0.8848, 0.9019
vortex_results/vortex_2lev_PAG-8-8-0_PAP-4-4-0_128.out, 8 , 256 , 8 , 0 , 4 , 256 , 4 , 0 , 128 , 1.2204, 0.8781, 0.8954
vortex_results/vortex_2lev_PAG-8-8-0_PAP-4-4-0_256.out, 8 , 256 , 8 , 0 , 4 , 256 , 4 , 0 , 256 , 1.2275, 0.8829, 0.8998
vortex_results/vortex_2lev_PAG-8-8-0_PAP-4-4-0_4096.out, 8 , 256 , 8 , 0 , 4 , 256 , 4 , 0 , 4096 , 1.2311, 0.8859, 0.9033
vortex_results/vortex_2lev_PAG-8-8-0_PAP-4-4-0_512.out, 8 , 256 , 8 , 0 , 4 , 256 , 4 , 0 , 512 , 1.2285, 0.8835, 0.9004
vortex_results/vortex_2lev_PAG-8-8-0_PAP-4-8-0_1024.out, 8 , 256 , 8 , 0 , 4 , 4096 , 8 , 0 , 1024 , 1.2788, 0.9119, 0.9273
vortex_results/vortex_2lev_PAG-8-8-0_PAP-4-8-0_128.out, 8 , 256 , 8 , 0 , 4 , 4096 , 8 , 0 , 128 , 1.2754, 0.9087, 0.9242
vortex_results/vortex_2lev_PAG-8-8-0_PAP-4-8-0_256.out, 8 , 256 , 8 , 0 , 4 , 4096 , 8 , 0 , 256 , 1.2776, 0.9106, 0.9261
vortex_results/vortex_2lev_PAG-8-8-0_PAP-4-8-0_4096.out, 8 , 256 , 8 , 0 , 4 , 4096 , 8 , 0 , 4096 , 1.2788, 0.9119, 0.9274
vortex_results/vortex_2lev_PAG-8-8-0_PAP-4-8-0_512.out, 8 , 256 , 8 , 0 , 4 , 4096 , 8 , 0 , 512 , 1.2788, 0.9117, 0.9272
vortex_results/vortex_2lev_PAG-8-8-0_PAP-8-16-0_1024.out, 8 , 256 , 8 , 0 , 8 , 16777216 , 16 , 0 , 1024 , 1.2792, 0.9148, 0.9291
vortex_results/vortex_2lev_PAG-8-8-0_PAP-8-16-0_128.out, 8 , 256 , 8 , 0 , 8 , 16777216 , 16 , 0 , 128 , 1.2778, 0.9136, 0.9280
vortex_results/vortex_2lev_PAG-8-8-0_PAP-8-16-0_256.out, 8 , 256 , 8 , 0 , 8 , 16777216 , 16 , 0 , 256 , 1.2795, 0.9148, 0.9289
vortex_results/vortex_2lev_PAG-8-8-0_PAP-8-16-0_4096.out, 8 , 256 , 8 , 0 , 8 , 16777216 , 16 , 0 , 4096 , 1.2797, 0.9151, 0.9294
vortex_results/vortex_2lev_PAG-8-8-0_PAP-8-16-0_512.out, 8 , 256 , 8 , 0 , 8 , 16777216 , 16 , 0 , 512 , 1.2794, 0.9147, 0.9290
vortex_results/vortex_2lev_PAG-8-8-0_PAP-8-4-0_1024.out, 8 , 256 , 8 , 0 , 8 , 4096 , 4 , 0 , 1024 , 1.3101, 0.9343, 0.9481
vortex_results/vortex_2lev_PAG-8-8-0_PAP-8-4-0_128.out, 8 , 256 , 8 , 0 , 8 , 4096 , 4 , 0 , 128 , 1.3072, 0.9325, 0.9476
vortex_results/vortex_2lev_PAG-8-8-0_PAP-8-4-0_256.out, 8 , 256 , 8 , 0 , 8 , 4096 , 4 , 0 , 256 , 1.3101, 0.9339, 0.9481
vortex_results/vortex_2lev_PAG-8-8-0_PAP-8-4-0_4096.out, 8 , 256 , 8 , 0 , 8 , 4096 , 4 , 0 , 4096 , 1.3102, 0.9341, 0.9479
vortex_results/vortex_2lev_PAG-8-8-0_PAP-8-4-0_512.out, 8 , 256 , 8 , 0 , 8 , 4096 , 4 , 0 , 512 , 1.3108, 0.9341, 0.9480
vortex_results/vortex_2lev_PAG-8-8-0_PAP-8-8-0_1024.out, 8 , 256 , 8 , 0 , 8 , 65536 , 8 , 0 , 1024 , 1.3065, 0.9313, 0.9454
vortex_results/vortex_2lev_PAG-8-8-0_PAP-8-8-0_128.out, 8 , 256 , 8 , 0 , 8 , 65536 , 8 , 0 , 128 , 1.3067, 0.9315, 0.9456
vortex_results/vortex_2lev_PAG-8-8-0_PAP-8-8-0_256.out, 8 , 256 , 8 , 0 , 8 , 65536 , 8 , 0 , 256 , 1.3073, 0.9317, 0.9456
vortex_results/vortex_2lev_PAG-8-8-0_PAP-8-8-0_4096.out, 8 , 256 , 8 , 0 , 8 , 65536 , 8 , 0 , 4096 , 1.3064, 0.9313, 0.9453
vortex_results/vortex_2lev_PAG-8-8-0_PAP-8-8-0_512.out, 8 , 256 , 8 , 0 , 8 , 65536 , 8 , 0 , 512 , 1.3071, 0.9315, 0.9456
